T2.40411235112697,2.59967,0.7253277,2.645996,0.0008426731,0.06719971,0.02389526,0.09393311,0.2940198,0.09814453,0.08135986,0.3047904,0.004945754,---,-0.022824,0.005802578,-0.02293874,0.9994594,7.475959E-06,-0.0005863144,-0.0002085023,0.9999998,-0.0008218676,0.002565101,-0.000854315,0.9999961,-0.0007099062,0.002659825,4.50482E-05,0.9999962,---,-0.022824,0.005802578,-0.02293874,0.9994594,7.475959E-06,-0.0005863144,-0.0002085023,0.9999998,-0.0008218676,0.002565101,-0.000854315,0.9999961,-0.0007099062,0.002659825,4.50482E-05,0.9999962
T10.5309903630987,11.54068,3.866086,11.9408,0.03535908,3.137986,0.5357547,0.2590637,1.585724,0.1936876,0.2595825,1.284632,0.4276696,---,-0.1034298,0.02292681,-0.1000555,0.9893258,0.0004364606,0.02737893,0.004665123,0.9996142,-0.002237142,0.01384138,0.00172136,0.9999002,-0.002223392,0.01121864,0.003757264,0.9999276,---,-0.1034298,0.02292681,-0.1000555,0.9893258,0.0004364606,0.02737893,0.004665122,0.9996141,-0.002237142,0.01384138,0.00172136,0.9999002,-0.002223392,0.01121864,0.003757264,0.9999276
T17.3112556384876,1.671424,19.00876,17.92981,2.238842,0.5662537,0.5794853,0.04222268,1.005407,0.170929,0.7422791,0.91915,0.04751587,---,-0.01151883,0.1653302,-0.156053,0.9737458,0.01951087,-0.005039321,0.005152453,0.9997837,0.0003553605,0.008774259,-0.001494822,0.9999604,-0.006480592,0.008018157,-0.0003627579,0.9999468,---,-0.1250511,0.108761,0.578196,0.7988883,0.0173596,0.01023293,0.710597,0.7033104,-0.00595306,0.006455616,0.7060218,0.7081358,-0.01025216,0.001087222,0.7068127,0.7073257
T23.8353635305539,25.03412,1.519525,20.58905,0.02284587,3.492612,1.004281,0.2348328,4.298793,0.3639103,0.2624207,4.245564,0.4334627,---,-0.215536,-0.02599168,-0.1716177,0.9609454,0.0004663391,0.03047115,0.00875375,0.9994972,-0.001928638,0.03751148,0.003250326,0.9992891,-0.002148439,0.03704936,0.00386489,0.9993037,---,-0.215536,-0.02599168,-0.1716177,0.9609454,0.0004663391,0.03047115,0.00875375,0.9994972,-0.001928638,0.03751148,0.003250326,0.9992891,-0.002148439,0.03704936,0.00386489,0.9993037
T30.4739599199966,34.73026,22.01447,3.132917,6.832836,4.094676,1.223633,2.625916,2.155994,4.106903,2.703705,2.082358,3.830597,---,-0.2978412,-0.1741537,-0.03135397,0.9380715,0.05917018,0.03629559,-0.01278103,0.997506,-0.02356852,0.01797559,-0.03538533,0.9989341,-0.02418218,0.01736743,-0.03297865,0.9990125,---,0.4527112,-0.1009747,-0.1453159,0.8739222,0.7471828,0.0347024,0.0166273,0.6635035,0.6896876,0.03773187,-0.01231055,0.7230185,0.6893092,0.03560006,-0.0110388,0.7235079
T36.0052762338892,32.78665,16.40393,33.17288,0.8610837,4.386794,0.9609914,0.24823,4.282033,0.2054277,0.1981812,4.142123,0.1783245,---,-0.3067887,0.05142667,-0.2324672,0.9215178,0.007829483,0.03820726,0.008092172,0.9992064,-0.002097832,0.03736283,0.00187237,0.9992979,-0.001672093,0.03614156,0.001617656,0.999344,---,-0.3067887,0.05142667,-0.2324672,0.9215178,0.007829482,0.03820725,0.008092171,0.9992064,-0.002097832,0.03736283,0.00187237,0.9992979,-0.001672093,0.03614156,0.001617656,0.999344
T43.7726651290432,27.21962,0.1268267,48.09894,6.322266,9.680771,0.9916108,3.382874,8.404048,3.257355,3.272614,7.313705,3.374115,---,0.2144438,0.09687638,-0.3963197,0.8874456,-0.05421641,0.08472415,0.01326225,0.99484,-0.03150726,0.07237525,-0.02617128,0.9965361,-0.03036141,0.0628882,-0.02754798,0.9971782,---,-0.1286057,0.6960207,-0.4318751,0.5590168,-0.02895896,0.7633671,0.04771462,0.643549,-0.04078488,0.7558345,0.003773104,0.6534804,-0.04094813,0.7495801,0.001989397,0.6606428
T50.708011363633,41.76321,37.21662,47.71323,0.1531889,3.384055,1.754972,0.4674072,8.798059,0.04587639,0.4807129,8.617847,0.06007435,---,-0.4295241,0.1360409,-0.2541091,0.8558216,0.001788276,0.02950321,0.01526827,0.9994465,-0.004036272,0.07670313,0.000712032,0.9970456,-0.004143797,0.07513556,0.0008379516,0.9971644,---,-0.4295241,0.1360409,-0.2541091,0.8558216,0.001788276,0.0295032,0.01526826,0.9994464,-0.004036272,0.07670313,0.000712032,0.9970456,-0.004143797,0.07513556,0.0008379516,0.9971644
T56.9341971436515,52.09552,46.83043,52.1539,8.349972,3.9758,5.224976,0.2085971,1.199712,7.658844,0.1766497,1.142606,7.673828,---,-0.5188805,0.1435525,-0.2056674,0.817225,0.07426029,-0.03124393,-0.04290975,0.9958253,0.001116987,0.01056744,-0.06680149,0.9977097,0.0008708033,0.01005174,-0.06692877,0.9977068,---,0.2117111,-0.1334087,0.04015291,0.9673512,0.7191328,-0.2417526,0.2411198,0.605198,0.6677318,-0.2191324,0.2335439,0.6719915,0.667743,-0.2194519,0.2330564,0.6720452
T63.3024282725528,41.73383,58.13112,68.48804,0.4569125,4.319522,0.9873855,0.3059387,4.90599,0.2330595,0.2642517,4.870303,0.1622109,---,-0.5128129,0.2000567,-0.3165448,0.7725281,0.00430904,0.03764998,0.008460008,0.9992459,-0.002580398,0.04280495,0.002146226,0.9990779,-0.002243733,0.04249173,0.001512251,0.9990932,---,-0.5128129,0.2000567,-0.3165448,0.7725281,0.00430904,0.03764998,0.008460008,0.9992459,-0.002580398,0.04280495,0.002146226,0.9990779,-0.002243733,0.04249173,0.001512251,0.9990932
T72.3333202423528,42.05292,73.6042,88.95386,7.03385,143.9059,12.16287,5.139191,59.87401,2.180054,1.323395,10.98408,0.9677759,---,-0.5967567,0.1976981,-0.3702742,0.6838815,-0.08164318,0.9456846,-0.09075598,0.3012948,-0.04832809,0.4977165,0.005901194,0.8659723,-0.01068677,0.09579477,0.00951124,0.9952983,---,-0.5967567,0.1976981,-0.3702742,0.6838815,-0.08164317,0.9456845,-0.09075597,0.3012948,-0.04832809,0.4977165,0.005901194,0.8659723,-0.01068677,0.09579477,0.00951124,0.9952983
T79.7521020779386,43.99676,83.82074,24.67026,44.99532,170.0839,165.8485,84.946,102.7301,97.36425,9.30092,1.830373,1.876038,---,0.1400157,0.6645892,-0.3918376,0.6206288,0.9175019,0.08056194,0.03228257,0.3881466,0.7110839,0.06376555,-0.002367873,0.7002057,0.08079492,0.01724474,-0.01760954,0.996426,---,-0.3709295,0.5689416,0.1617798,0.7159219,0.5918059,0.7057377,0.2972883,0.2516339,0.4577232,0.5479013,0.4934459,0.4967946,0.04493676,0.06932451,0.6921278,0.7170314
T86.6158416876569,44.24637,92.12312,120.1475,7.311123,144.3763,12.00229,2.81842,126.5415,5.096832,1.115601,9.467774,1.062699,---,-0.7084957,0.1063165,-0.421804,0.5557086,-0.07993816,0.9469613,-0.09228489,0.2972502,-0.0507505,0.8914968,0.001950548,0.4501712,-0.008936295,0.08261046,0.01004499,0.9964912,---,-0.7084957,0.1063165,-0.421804,0.5557086,-0.07993815,0.9469612,-0.09228488,0.2972502,-0.0507505,0.8914968,0.001950548,0.4501712,-0.008936295,0.08261046,0.01004499,0.9964912
T93.9646440828219,57.39157,160.7523,103.9776,64.84967,14.38689,121.8913,1.951601,5.710372,151.8258,2.549591,2.833715,13.267,---,-0.7308297,-0.4693335,-0.1759862,0.4632958,-0.3507428,0.4136981,-0.6994597,-0.4653917,-0.04416684,0.02861973,-0.9687887,0.2422368,-0.02494756,0.02198549,-0.1149076,0.9928195,---,-0.189175,-0.2074278,-0.4563099,0.8443742,-0.5770942,0.7871214,-0.202064,-0.08106898,0.1400566,0.7052743,-0.6647999,0.202518,0.6843888,0.09679805,-0.06570587,0.71967
T101.032225389965,24.42755,99.75571,133.3441,7.487257,146.3444,11.59177,1.568665,147.1434,5.619354,1.248138,12.85642,1.036647,---,-0.7402567,0.1707627,-0.5142847,0.3979591,-0.07764914,0.9521628,-0.09134918,0.2810907,-0.05087954,0.957742,-0.0007477262,0.2830921,-0.009810113,0.1120449,0.01020829,0.9936023,---,-0.7402567,0.1707627,-0.5142847,0.3979591,-0.07764913,0.9521627,-0.09134918,0.2810907,-0.05087954,0.957742,-0.0007477262,0.2830921,-0.009810113,0.1120449,0.01020829,0.9936023
T109.014731683768,42.46889,55.93539,160.2596,3.197845,116.8731,11.06015,0.9233242,120.1206,7.073822,3.696594,11.06968,4.315887,---,0.4854969,0.2402194,-0.7819464,0.3084596,-0.09661712,0.8463577,-0.02675926,0.5230944,-0.04944336,0.8651206,-0.03775737,0.4976908,-0.03571015,0.09512363,-0.03435061,0.9942315,---,-0.2096214,0.3879746,-0.8962178,0.04825311,-0.08724027,0.9683488,0.04939696,-0.2285817,-0.06166023,0.9636532,0.00826324,-0.2598121,-0.04954045,0.7702904,0.0009613368,0.6357653
T114.964271676727,8.945465,108.7724,137.9363,7.758849,145.2176,12.00613,1.668213,140.1216,6.218353,1.610596,15.38155,0.6604999,---,-0.7727889,0.2484859,-0.5191169,0.2675252,-0.07946066,0.9489934,-0.09539734,0.2898222,-0.05593913,0.9383025,-0.004830229,0.3412272,-0.01315672,0.1338915,0.007592362,0.9908796,---,-0.7727889,0.2484859,-0.5191169,0.2675252,-0.07946065,0.9489933,-0.09539732,0.2898221,-0.05593913,0.9383025,-0.004830229,0.3412272,-0.01315672,0.1338915,0.007592362,0.9908796
T121.89468978066,13.58298,144.2478,161.058,40.71264,39.74948,11.11688,4.104508,4.334615,146.044,0.1792707,1.214249,5.092968,---,-0.9381355,0.1197007,-0.2821317,0.1611686,-0.3564729,0.2855476,-0.0323003,-0.8890143,-0.02569676,0.04526151,-0.9555153,0.290313,0.002033583,0.01051615,0.04441078,0.998956,---,-0.4636246,-0.03495992,-0.3163589,0.8268901,-0.8821818,0.3517487,-0.1715847,-0.2618903,0.4191819,0.5682774,-0.5230473,0.4772516,0.6390648,-0.291908,0.3067486,0.6420991
T128.470804867335,10.5036,106.9657,149.1278,2.995823,125.9805,16.58932,1.533173,144.4487,5.518677,0.005620085,6.972626,1.105217,---,-0.7569391,0.2655149,-0.5907701,0.08680958,0.1167378,-0.8830208,0.08853971,-0.4458781,-0.0499182,0.9508736,-0.001970107,0.3055223,-0.000537542,-0.06080764,0.009629823,0.998103,---,-0.7569391,0.2655149,-0.5907701,0.08680958,0.1167378,-0.8830207,0.0885397,-0.445878,-0.0499182,0.9508736,-0.001970107,0.3055223,-0.000537542,-0.06080764,0.009629823,0.998103
T136.523885545321,17.2302,109.1314,158.8857,0.4888979,0.6189575,0.6634699,0.4552612,5.745652,0.2052917,0.1599121,0.8399534,0.01300049,---,-0.7760397,0.2329735,-0.5858856,-0.01496052,-0.004235019,0.005425993,-0.005812742,-0.9999594,-0.004057719,0.05011168,-0.001590067,0.9987341,-0.001396382,0.007329744,-0.0001032248,0.9999722,---,-0.7760397,0.2329735,-0.5858856,-0.01496052,-0.004235019,0.005425992,-0.005812741,-0.9999593,-0.004057719,0.05011168,-0.001590067,0.9987341,-0.001396382,0.007329744,-0.0001032248,0.9999722
