T2.87082685343921,2.761597,1.088959,1.968903,0.005230795,0.06018066,0.02209473,0.03113948,0.2194214,0.2805199,0.02346813,0.1668701,0.341716,---,-0.02392926,-0.009912526,-0.01740435,0.999513,-4.55461E-05,-0.0005250984,-0.0001927343,0.9999999,0.0002670542,-0.001915559,0.002448511,0.9999952,0.0002004544,-0.001456853,0.002982325,0.9999945,---,-0.02392926,-0.009912526,-0.01740435,0.999513,-4.55461E-05,-0.0005250984,-0.0001927343,0.9999999,0.0002670542,-0.001915559,0.002448511,0.9999952,0.0002004544,-0.001456853,0.002982325,0.9999945
T12.6697599496692,12.48413,5.698975,11.87265,0.5076599,2.841274,0.8430381,0.121582,2.572316,0.4051187,0.1135559,2.458025,0.3491335,---,-0.1029016,-0.06038404,-0.1080592,0.9869592,-0.004246165,0.02482392,0.007464323,0.9996549,-0.0009813518,0.0224494,0.003558242,0.9997412,-0.0009254783,0.02145158,0.003067314,0.9997647,---,-0.1029016,-0.06038404,-0.1080592,0.9869592,-0.004246165,0.02482392,0.007464323,0.9996549,-0.0009813518,0.0224494,0.003558242,0.9997412,-0.0009254783,0.02145158,0.003067314,0.9997647
T19.8793428335339,8.284912,15.30353,31.8985,2.506752,0.3035889,5.005188,3.767183,1.126441,3.889679,2.690571,1.168533,4.348358,---,-0.1053301,0.1080189,-0.2623794,0.9530973,0.0219685,-0.001691013,-0.04359603,0.9988063,0.03251501,0.01093435,-0.03424031,0.9988247,0.02307263,0.01107768,-0.03816435,0.9989437,---,-0.1508605,0.001901315,0.4884114,0.8594719,0.0167298,0.01433835,0.6754357,0.7370898,0.01525983,0.03072334,0.6820642,0.7304873,0.008481709,0.02414792,0.6793736,0.7333461
T26.6023456249386,16.8688,9.778198,26.14789,0.4368591,4.250147,0.5240747,0.2247314,3.618544,0.5173402,0.2012634,3.54868,0.4904118,---,-0.1232845,-0.1151793,-0.2351245,0.9572101,-0.003640024,0.03709779,0.004711581,0.9992939,-0.001817514,0.03158097,0.004574285,0.9994891,-0.001622996,0.03097031,0.004331962,0.9995096,---,-0.1232845,-0.1151793,-0.2351245,0.9572101,-0.003640024,0.03709779,0.004711581,0.9992939,-0.001817514,0.03158097,0.004574285,0.9994891,-0.001622996,0.03097031,0.004331962,0.9995096
T34.4432050418109,14.93616,33.63821,11.84117,9.265952,3.197869,3.63681,0.1514158,2.128248,2.715271,0.08051775,2.040154,5.633301,---,-0.1533435,-0.2725331,0.06049249,0.94792,0.07981797,0.03035993,-0.0338684,0.9957712,0.0008807427,0.01859748,-0.02371333,0.9995455,-0.0001731393,0.01781577,-0.04914478,0.9986328,---,0.5618504,-0.2354846,-0.1499353,0.7787108,0.7605563,0.04541628,-0.002480861,0.6476766,0.7074081,0.02991825,-0.003617453,0.7061626,0.7060176,0.04734826,-0.02215295,0.7062625
T39.9007671494037,23.13498,1.598785,38.4086,0.03320568,3.951874,0.7946707,0.2572632,2.100525,1.166978,0.2670593,2.931718,1.067288,---,-0.1848489,-0.0788605,-0.3248671,0.9241609,0.0005287037,0.03447694,0.006920639,0.9993814,-0.002057852,0.01835137,0.01022304,0.9997772,-0.002091362,0.0256018,0.009370254,0.9996262,---,-0.1848489,-0.0788605,-0.3248671,0.9241609,0.0005287037,0.03447693,0.006920638,0.9993814,-0.002057852,0.01835137,0.01022304,0.9997772,-0.002091362,0.0256018,0.009370254,0.9996262
T48.2295720446855,25.00401,20.71161,45.40161,5.790161,9.352041,0.4051711,3.707001,8.842178,3.402466,3.782898,7.613475,3.457153,---,0.264179,-0.0797222,-0.334732,0.9010041,-0.05005101,0.08159482,0.007636911,0.9953788,-0.03452084,0.07605437,-0.02709172,0.9961376,-0.03491974,0.06533145,-0.02789141,0.9968624,---,-0.04988847,0.580734,-0.423494,0.6934782,-0.0299913,0.7615353,0.04079152,0.6461428,-0.04356666,0.7581542,0.005253182,0.6505971,-0.04441419,0.7510844,0.004969776,0.6586918
T54.738940147683,38.37137,1.002938,32.06476,0.1095276,3.921782,0.638435,0.3206177,3.485667,1.02484,0.2944641,4.157867,0.8559989,---,-0.3181196,-0.08281333,-0.2580667,0.9084842,-0.0007646345,0.03422211,0.005600809,0.9993983,-0.002524539,0.03043716,0.009024218,0.9994928,-0.002297064,0.03629433,0.007558209,0.99931,---,-0.3181196,-0.08281333,-0.2580667,0.9084842,-0.0007646345,0.03422211,0.005600809,0.9993983,-0.002524539,0.03043716,0.009024218,0.9994928,-0.002297064,0.03629433,0.007558209,0.99931
T61.6028724331409,61.97107,1.913971,0.9352722,10.16836,4.863007,5.47113,3.060161,0.9592375,8.776855,2.833102,0.8648273,13.72122,---,-0.5146159,-0.0185191,-0.01559417,0.857079,0.09045539,-0.03798424,-0.04374039,0.9942142,0.02598227,0.0103864,-0.07671047,0.9966607,0.023642,0.01044358,-0.1195997,0.9924858,---,0.2329558,-0.3730888,0.07038429,0.8953114,0.730709,-0.240795,0.2401203,0.5919664,0.6860209,-0.2057649,0.2333969,0.6576945,0.6933548,-0.1772124,0.2036526,0.6681171
T67.9008621219546,37.43274,25.95047,65.61111,0.05742704,4.72551,0.4722429,0.2296753,3.896141,0.1850553,0.3823853,5.990612,0.1059884,---,-0.3780358,0.00932826,-0.4394801,0.8147756,0.0006706116,0.04122375,0.004096921,0.9991414,-0.001948164,0.03399682,0.001682105,0.9994186,-0.003284135,0.05225691,0.001098028,0.9986277,---,-0.3780358,0.00932826,-0.4394801,0.8147756,0.0006706116,0.04122375,0.004096921,0.9991414,-0.001948164,0.03399682,0.001682105,0.9994186,-0.003284135,0.05225691,0.001098028,0.9986277
T75.4637363348156,42.11182,32.23736,74.96484,3.450717,127.7754,16.55737,5.783844,63.75466,2.718689,1.380432,5.93713,1.071063,---,-0.4315557,-0.004434027,-0.4664107,0.7721406,-0.1161193,0.8900813,-0.09009886,0.4314556,-0.05534313,0.526265,0.006517109,0.8484926,-0.01154561,0.05189448,0.009957262,0.9985362,---,-0.4315557,-0.004434027,-0.4664107,0.7721406,-0.1161193,0.8900811,-0.09009884,0.4314555,-0.05534314,0.5262651,0.006517109,0.8484927,-0.01154561,0.05189448,0.009957262,0.9985362
T81.4118310194463,18.18792,54.47915,49.19379,46.50354,176.4221,170.1601,84.07192,107.0013,104.5298,1.224053,1.883703,0.9730483,---,-0.06034523,0.4694389,-0.4311987,0.7681493,0.9160045,0.0664811,-0.005263931,0.395586,0.7159311,0.05041779,0.01995948,0.696062,0.01081942,0.01634545,0.00831414,0.9997733,---,-0.3746139,0.2892729,0.2382601,0.8480672,0.6007037,0.6947222,0.2759993,0.2834436,0.470589,0.5418905,0.5063037,0.4780767,-0.003907496,0.01920846,0.7128255,0.7010675
T87.2188616450876,52.33408,26.82137,82.15228,8.574065,145.994,11.9592,2.943665,130.1249,5.961914,0.9526062,1.741068,0.8630832,---,-0.4601432,-0.1249381,-0.4965393,0.7253327,-0.07760164,0.9507026,-0.1014742,0.2825696,-0.05795529,0.9046791,0.001340116,0.4221319,-0.008197231,0.01525475,0.007656916,0.9998207,---,-0.4601432,-0.1249381,-0.4965393,0.7253327,-0.07760163,0.9507025,-0.1014742,0.2825696,-0.05795529,0.904679,0.001340116,0.4221318,-0.008197231,0.01525475,0.007656916,0.9998207
T94.4324185755104,38.51361,85.49838,48.27271,63.7031,16.21231,39.24975,1.382469,0.9021736,40.87714,2.761015,2.368939,1.49592,---,-0.4830458,-0.4857572,0.07917974,0.7241804,0.5323269,-0.06265254,0.2123456,0.8170754,0.008555178,0.01158937,-0.3492557,0.9369168,0.02435464,0.02034923,0.01254944,0.9994175,---,0.1705079,-0.3994708,-0.2874937,0.8536379,0.9541714,-0.194453,0.105849,0.2013476,0.6685497,0.255156,-0.2387661,0.6564508,0.7239162,0.005515285,0.02326288,0.6894736
T99.5512561891228,51.84033,46.16879,101.0079,10.64019,162.5365,6.434448,5.216248,69.28893,2.715698,0.4645996,3.114044,1.252429,---,-0.5278811,-0.08601093,-0.5294617,0.6584937,0.04117873,-0.9833909,0.09998379,-0.1457734,-0.05088321,0.5668468,0.006386306,0.8222255,-0.004349705,-0.02712556,0.010815,0.9995641,---,-0.5278811,-0.08601093,-0.5294617,0.6584937,0.04117873,-0.9833909,0.09998379,-0.1457734,-0.05088321,0.5668468,0.006386306,0.8222255,-0.004349705,-0.02712556,0.010815,0.9995641
T108.709507303312,32.7049,53.91272,116.8507,4.216125,120.0625,11.92065,0.8121628,116.7536,7.481903,3.388458,1.404449,3.74234,---,0.5019829,-0.01395231,-0.6618491,0.5565737,0.1081708,-0.8591237,0.02014167,-0.4997998,-0.05184788,0.8499214,-0.04023153,0.5228067,-0.02914747,-0.0132092,-0.03299763,0.998943,---,-0.1130425,0.3836913,-0.8229535,0.4034228,0.0907306,-0.960904,-0.06224598,0.2540803,-0.06510998,0.9706653,0.008214001,-0.231305,-0.04394322,0.697019,-0.002722475,0.7156997
T114.311867395416,49.74136,85.06549,127.7594,3.771629,130.2215,15.36606,5.198181,81.38938,4.167999,0.9786072,1.01886,0.6492748,---,-0.6871232,-0.008246535,-0.4751031,0.5496097,0.1074846,-0.9003444,0.08581951,-0.4128706,-0.05804564,0.6496763,0.002004996,0.7579891,-0.008589627,-0.008842148,0.005589605,0.9999084,---,-0.6871232,-0.008246535,-0.4751031,0.5496097,0.1074845,-0.9003443,0.0858195,-0.4128705,-0.05804563,0.6496763,0.002004995,0.757989,-0.008589627,-0.008842148,0.005589605,0.9999084
T120.327964721248,58.63049,175.0304,170.9686,42.45901,40.48813,17.78995,2.229057,0.6592692,55.60696,3.532747,0.9694846,10.10602,---,-0.8700863,0.04742426,0.000827183,0.490612,-0.3855226,0.2661277,0.0114388,-0.8834125,0.01452211,0.01416059,-0.4664434,0.8843185,0.02995845,0.01113818,-0.08829208,0.9955817,---,-0.2609603,-0.3377613,-0.07116324,0.9015281,-0.9040806,0.3011115,-0.1620423,-0.2563439,0.7095827,0.07860444,-0.05224342,0.6982723,0.6908441,-0.1963398,0.227106,0.6577294
T127.750308418646,33.5257,82.31623,144.7607,9.495524,149.1899,11.22885,4.517395,92.4175,3.878632,1.558777,12.52896,1.208682,---,-0.6663381,-0.01620554,-0.6296273,0.3991248,-0.07211332,0.9583061,-0.1053122,0.2556531,-0.05166812,0.719969,0.005032501,0.692062,-0.01236964,0.1092446,0.01196778,0.9938659,---,-0.6663381,-0.01620554,-0.6296273,0.3991248,-0.07211331,0.958306,-0.1053121,0.2556531,-0.05166813,0.719969,0.005032502,0.692062,-0.01236964,0.1092446,0.01196778,0.9938659
T141.611823538318,28.50989,99.82015,167.7383,0.3551366,0.03681558,0.3123586,0.03175002,0.04550171,0.1767818,0.02859162,0.2803344,0.2254909,---,-0.7541738,-0.07847725,-0.6004717,0.2539626,0.00310001,0.0003128261,0.002724831,0.9999915,0.0002764584,-0.0003974117,0.001542822,0.9999987,0.0002543216,0.00244588,0.001967161,0.9999951,---,-0.7541738,-0.07847725,-0.6004717,0.2539626,0.00310001,0.000312826,0.002724831,0.9999913,0.0002764584,-0.0003974117,0.001542822,0.9999987,0.0002543216,0.00244588,0.001967161,0.9999951
