T3.22362383455038,3.193115,0.5133508,3.278778,0.1965942,0.4989413,0.2529297,0.1006677,0.1879578,0.1223074,0.1552744,0.1412354,0.1352839,---,-0.027978,0.003679167,-0.02847259,0.9991962,-0.001725134,0.004350267,-0.002199732,0.9999867,0.0008767392,-0.001641197,0.001068772,0.9999977,0.001353568,-0.001234014,0.001182243,0.9999976,---,-0.027978,0.003679167,-0.02847259,0.9991962,-0.001725134,0.004350267,-0.002199732,0.9999867,0.0008767392,-0.001641197,0.001068772,0.9999977,0.001353568,-0.001234014,0.001182243,0.9999976
T14.9790700413287,13.08664,4.596439,14.30872,0.2354415,3.202024,0.5083923,0.5104701,0.63425,0.006130597,0.4770137,0.5761392,0.06317429,---,-0.1179379,0.02534854,-0.1190981,0.9855272,0.001929836,0.02794808,-0.004492261,0.9995975,0.004454905,0.005534554,2.884225E-05,0.9999748,0.004165437,0.005025403,0.0005303589,0.9999785,---,-0.1179379,0.02534854,-0.1190981,0.9855272,0.001929836,0.02794808,-0.004492261,0.9995975,0.004454905,0.005534554,2.884225E-05,0.9999748,0.004165437,0.005025403,0.0005303589,0.9999785
T33.3207569681108,0.6207886,25.59443,35.53836,1.372951,0.4721985,1.476425,1.000153,0.6465803,0.1383057,1.604034,0.6348193,0.1656581,---,-0.07262811,0.2093188,-0.2964554,0.9289914,0.01192679,-0.004274359,0.01293221,0.9998361,-0.008734514,0.005631696,-0.001157521,0.9999453,-0.01398913,0.005559501,0.001523018,0.9998856,---,-0.1993666,0.09665491,0.4472705,0.8665218,0.01145594,0.005411085,0.7161354,0.6978465,-0.01015844,-0.002194024,0.7062497,0.7078866,-0.01382297,-0.005960651,0.7081028,0.7059489
T40.0363222844899,24.53693,0.4762878,75.55255,0.6151371,4.967537,0.07354736,0.4487021,5.187582,0.3987454,0.3499399,6.496043,0.3078786,---,-0.1654665,-0.1333777,-0.5992831,0.7718103,0.005335201,0.04333917,-0.0008738209,0.9990458,0.004069091,0.0452405,0.00329891,0.9989624,0.003201106,0.05664966,0.002509393,0.9983858,---,-0.1654665,-0.1333777,-0.5992831,0.7718103,0.005335201,0.04333917,-0.0008738209,0.9990458,0.004069091,0.0452405,0.00329891,0.9989624,0.003201106,0.05664966,0.002509393,0.9983858
T48.5780888907611,14.00143,81.44705,25.16403,9.10163,2.333355,2.908691,0.3581848,1.683531,0.197225,0.4788513,1.631512,0.4225159,---,-0.2312113,-0.6118733,0.08625319,0.7514737,0.07878608,0.02230356,-0.02691007,0.9962787,-0.003100196,0.01469634,0.001766839,0.9998857,-0.004230911,0.01422152,-0.003627151,0.9998834,---,0.3678811,-0.49365,-0.3716696,0.6948633,0.7601856,0.03479929,-0.00325729,0.6487653,0.7048337,0.009142537,0.01164122,0.7092181,0.7040326,0.01262091,0.007491347,0.710016
T55.99921971187,25.38647,13.19409,89.10364,1.034895,4.909659,0.1672668,0.6494867,3.062363,0.1255706,0.6295661,3.144801,0.107654,---,-0.2341761,-0.07326388,-0.6618875,0.7083071,0.008960227,0.04284314,-0.001845089,0.99904,0.005695063,0.02671433,0.0009439513,0.9996265,0.005517681,0.02743454,0.0007883348,0.999608,---,-0.2341761,-0.07326388,-0.6618875,0.7083071,0.008960227,0.04284314,-0.001845089,0.99904,0.005695063,0.02671433,0.0009439513,0.9996265,0.005517681,0.02743454,0.0007883348,0.999608
T63.7690095454454,63.19678,73.92859,100.2443,4.442261,10.80878,0.7452414,2.972168,7.51378,3.083008,2.899811,6.467661,3.149719,---,0.661463,-0.007099257,-0.3202567,0.6781239,-0.03797126,0.09436279,0.01011982,0.994762,-0.0276312,0.06478122,-0.02513561,0.9972001,-0.02680283,0.05567738,-0.02600367,0.9977502,---,0.2412692,0.4744861,-0.6941807,0.4845259,-0.01969394,0.7701275,0.03400553,0.6366784,-0.03731177,0.7509342,0.001764651,0.6593198,-0.03733984,0.7448858,0.0005650927,0.6661461
T70.9819966219366,22.20508,32.45357,98.34421,0.3030685,4.936671,0.06515503,0.2304993,6.952498,0.2428616,0.1105042,6.684851,0.2705745,---,-0.3283702,0.03937034,-0.6777548,0.6567127,0.002617827,0.0430686,-0.0006819519,0.9990685,-0.001879295,0.06063877,0.002237429,0.9981555,-0.000824935,0.05830533,0.002413407,0.9982955,---,-0.3283702,0.03937034,-0.6777548,0.6567127,0.002617827,0.0430686,-0.0006819519,0.9990685,-0.001879295,0.06063877,0.002237429,0.9981555,-0.000824935,0.05830533,0.002413407,0.9982955
T80.7766558490694,70.70041,154.6958,115.7271,6.698465,5.43927,7.451874,0.3953552,1.222371,13.64862,0.335144,1.185563,13.70966,---,-0.7413023,-0.3160203,-0.1490144,0.5730591,0.06131084,-0.04347529,-0.06203388,0.99524,-0.004692918,0.01018143,-0.1187813,0.9928572,-0.004138543,0.009922737,-0.1193172,0.992798,---,0.01592735,-0.4647655,-0.3493249,0.8134565,0.7187757,-0.2405954,0.2169734,0.6151406,0.6749364,-0.1856862,0.1964491,0.6865781,0.6754748,-0.1853391,0.196064,0.6862522
T88.4787452444434,6.136261,42.19119,114.6293,0.2692824,4.215984,0.1437942,0.211792,5.530493,0.4315395,0.200592,5.7061,0.3930067,---,-0.3294632,0.1520612,-0.7737138,0.519325,0.002394495,0.03678003,0.00116755,0.9993199,-0.001664357,0.04825044,0.003850656,0.9988265,-0.001577726,0.04978018,0.003512503,0.9987528,---,-0.3294632,0.1520612,-0.7737138,0.519325,0.002394495,0.03678003,0.00116755,0.9993199,-0.001664357,0.04825044,0.003850656,0.9988265,-0.001577726,0.04978018,0.003512503,0.9987528
T98.4858178384602,1.136902,49.79932,124.3721,8.715827,150.7623,11.40063,3.847778,104.9327,4.561798,0.4951782,10.44436,1.109282,---,-0.3765684,0.1884845,-0.8002648,0.4269031,-0.07674845,0.9619624,-0.09815904,0.2431108,-0.05197914,0.7911069,0.002368641,0.6094607,-0.00342214,0.09105466,0.01003319,0.9957895,---,-0.3765684,0.1884845,-0.8002648,0.4269031,-0.07674845,0.9619624,-0.09815904,0.2431108,-0.05197914,0.7911069,0.002368641,0.6094607,-0.00342214,0.09105466,0.01003319,0.9957895
T107.376072615385,53.83846,1.544403,126.5484,38.66972,176.4429,171.7479,55.60209,172.3782,169.5998,17.09454,1.733487,2.056785,---,0.2143184,0.3989271,-0.7935741,0.4064051,0.94144,0.05761116,0.005399264,0.3321784,0.8817935,0.04912451,0.01637104,0.4687846,0.1488529,0.01228933,0.01549862,0.9886615,---,-0.130538,0.43363,-0.2737698,0.8485134,0.6249614,0.7064359,0.2387035,0.2310678,0.5887859,0.6582584,0.3430569,0.3199047,0.09656499,0.1139447,0.7100484,0.6881301
T115.633532594889,2.517737,60.25117,128.7486,9.151156,153.2411,10.55469,2.218262,142.3455,5.154602,1.391205,17.48388,1.924904,---,-0.4442022,0.2341464,-0.7844325,0.3640407,-0.07081378,0.9673455,-0.09849545,0.222546,-0.04879385,0.9450804,0.003793675,0.323153,-0.009444906,0.1521533,0.01844569,0.9881396,---,-0.4442022,0.2341464,-0.7844325,0.3640407,-0.07081378,0.9673455,-0.09849545,0.222546,-0.04879385,0.9450804,0.003793675,0.323153,-0.009444906,0.1521533,0.01844569,0.9881396
T125.785066395998,49.54245,163.1776,37.52137,59.7798,7.941865,9.519056,0.2771301,4.348879,161.0977,0.1725035,2.749843,32.32263,---,-0.3469155,-0.8307875,-0.3497512,0.2590672,-0.5004059,-0.01858245,-0.03737355,-0.8647843,-0.0378237,0.003846574,-0.9856977,0.1641787,-0.005233248,0.02346525,-0.278297,0.9601942,---,-0.06211811,-0.340144,-0.834767,0.4284945,-0.9653352,0.01328732,-0.03956687,-0.2576545,0.08934645,0.6997135,-0.6942736,0.1428372,0.6752594,0.2133782,-0.1801933,0.6826603
T133.903832510114,27.13104,61.92472,136.6077,1.404343,153.5643,8.083527,1.912354,154.8526,5.336823,1.944122,28.72118,1.397691,---,-0.390336,0.3717727,-0.819141,0.1960381,0.06581607,-0.9712111,0.02801576,-0.2272277,-0.04906173,0.9746537,0.00613625,0.218187,-0.01340888,0.2481699,0.01602142,0.9684913,---,-0.390336,0.3717726,-0.819141,0.196038,0.06581607,-0.9712111,0.02801576,-0.2272277,-0.04906173,0.9746537,0.00613625,0.218187,-0.01340888,0.2481699,0.01602142,0.9684913
T142.445501428097,39.55848,139.16,133.8106,3.99585,121.8229,10.79358,0.5415542,120.7759,7.384583,4.034119,26.50337,5.00116,---,0.764884,0.4545203,-0.4263994,0.162934,0.0990136,-0.8678729,0.01536588,-0.4865768,-0.05365601,0.8677272,-0.03592039,0.4928288,-0.04422213,0.2273741,-0.03438094,0.9721951,---,0.2393448,0.4366061,-0.8423645,-0.2061826,0.0808785,-0.9577404,-0.05914786,0.269617,-0.06334008,0.9620584,0.01254097,-0.2650932,-0.05558077,0.8482236,0.00695877,0.526668
T150.214504931122,39.82842,76.73771,128.6278,7.883917,148.1688,11.7894,2.722473,132.2907,5.079651,2.862274,42.94109,1.037884,---,-0.4101837,0.4936194,-0.7559459,0.1289769,0.07977802,-0.9562548,0.09385704,-0.2653361,-0.05011459,0.9129925,0.003788918,0.4048691,-0.01992721,0.3661042,0.01756717,0.9301946,---,-0.4101837,0.4936194,-0.7559459,0.1289769,0.07977802,-0.9562548,0.09385704,-0.2653361,-0.05011459,0.9129925,0.003788918,0.4048691,-0.01992721,0.3661042,0.01756717,0.9301946
T158.756655067205,20.54907,117.2022,161.3388,39.80664,41.09753,13.76166,1.816597,2.963162,137.8886,2.439949,1.171781,47.12643,---,-0.8136948,-0.2278667,-0.5305402,0.0671165,0.3560176,-0.2894709,0.01315209,0.8884172,-0.01843285,0.02407687,-0.9329497,0.3587273,0.01542785,0.01788164,-0.3998487,0.9162769,---,-0.2825023,-0.04061485,-0.6974759,0.6573206,0.8877376,-0.3417643,0.1562277,0.2659176,0.4682474,0.523149,-0.5016668,0.5053614,0.712025,0.02912748,0.002585512,0.701545
T165.477796483785,56.55399,80.05285,137.8533,0.09594727,153.2145,7.338959,2.784698,135.1561,4.653992,2.786377,49.54375,0.8396814,---,-0.398078,0.5421541,-0.7388191,-0.04182323,-0.06245385,0.9707982,-0.0140113,0.2312017,-0.04678244,0.9229888,0.006960872,0.3819093,-0.01900609,0.4190331,0.01683847,0.9076158,---,-0.398078,0.5421541,-0.7388191,-0.04182323,-0.06245385,0.9707982,-0.0140113,0.2312017,-0.04678244,0.9229888,0.006960872,0.3819093,-0.01900609,0.4190331,0.01683847,0.9076158
T174.926618471742,65.00414,86.39618,147.7041,0.1832707,0.7634779,0.09033203,0.2094327,1.563251,0.07381593,0.1292111,3.008482,0.03937616,---,-0.4455895,0.5368145,-0.6928508,-0.182313,0.001594049,0.006663802,-0.000799058,0.9999763,0.001836261,0.01364031,0.0006191727,0.9999051,0.001136211,0.02625053,0.0003139032,0.9996547,---,-0.4455895,0.5368145,-0.6928508,-0.182313,0.001594049,0.006663802,-0.000799058,0.9999763,0.001836261,0.01364031,0.0006191727,0.9999051,0.001136211,0.02625053,0.0003139032,0.9996547
