T2.9845664491877,1.187566,0.537087,1.145304,0.003508887,0.03100586,0.006408691,0.03585815,0.09387277,0.2023926,0.0168438,0.1280037,0.1193237,---,0.01040949,0.004582891,0.009945285,0.9998859,-3.060571E-05,-0.0002705842,-5.58403E-05,1,-0.0003143538,0.0008186404,-0.00176589,0.9999981,0.0001458265,0.001117195,-0.001041542,0.9999989,---,0.01040949,0.004582891,0.009945285,0.9998859,-3.06057E-05,-0.0002705841,-5.58403E-05,0.9999999,-0.0003143538,0.0008186404,-0.00176589,0.9999981,0.0001458265,0.001117195,-0.001041542,0.9999989
T13.3498132592067,4.147743,3.27191,5.775984,0.01531982,6.719246,0.8768921,0.3282776,5.974885,0.2333908,0.2897949,5.82239,0.1950207,---,0.03756474,0.02667145,0.04929829,0.9977211,-0.0005818605,0.05860015,-0.00763122,0.9982522,-0.002754652,0.05212259,0.002183241,0.9986345,-0.002439349,0.05079214,0.00182812,0.9987046,---,0.03756474,0.02667145,0.04929829,0.9977211,-0.0005818605,0.05860015,-0.00763122,0.9982522,-0.002754652,0.05212259,0.002183241,0.9986345,-0.002439349,0.05079214,0.00182812,0.9987046
T22.0261092362925,2.103809,0.2470093,6.055919,3.378426,0.518474,2.279816,0.5559146,1.438681,2.478485,1.114682,1.490614,2.407013,---,0.01821865,-0.003121794,0.05285375,0.9984312,0.02938195,0.005108087,-0.02001832,0.9993547,0.004578218,0.01265636,-0.02168616,0.9996743,0.009451117,0.0132085,-0.02112733,0.9996449,---,0.01508997,0.01067509,0.7433707,0.6686242,0.01716421,0.02438814,0.6924954,0.7208056,-0.005712109,0.01218669,0.691542,0.7222109,-0.002656873,0.01602277,0.6919164,0.721795
T27.8359868219122,0.8468336,0.3189328,10.38657,0.0703125,3.917258,0.6883999,0.06561279,2.104203,0.5176097,0.03808594,2.122443,0.6192155,---,0.007611504,0.002102805,0.09049256,0.9958658,-0.0004080267,0.03418093,0.006024851,0.9993975,-0.0004894232,0.018364,0.004526731,0.999821,-0.0002323523,0.01852228,0.00540888,0.9998138,---,0.007611504,0.002102805,0.09049256,0.9958658,-0.0004080266,0.03418093,0.00602485,0.9993974,-0.0004894232,0.018364,0.004526731,0.999821,-0.0002323523,0.01852228,0.00540888,0.9998138
T34.5544607071206,0.4570313,20.7091,3.362816,5.477908,2.977247,1.952545,3.44455,1.923888,1.300995,3.469971,1.868118,1.090485,---,0.001352071,0.1797751,0.02958038,0.983262,0.04732038,0.02675892,-0.01825427,0.9983544,-0.03023922,0.01643847,-0.01084171,0.9993487,-0.03042627,0.0160054,-0.009016939,0.9993683,---,0.6962273,0.1062037,0.1480367,0.6943152,0.7394037,0.03182913,0.006013699,0.6724826,0.6852639,0.01929,0.003957504,0.7280286,0.6851454,0.01769346,0.004941587,0.7281747
T40.2940654410049,6.172113,2.625458,19.21533,0.03158619,4.841827,0.1902362,0.09832764,3.226746,0.1083866,0.07476807,3.022124,0.1594329,---,0.04924872,-0.03153816,0.1678309,0.9840797,0.0003455193,0.04223983,0.001646998,0.9991061,-0.0008311874,0.02815574,0.0009696376,0.9996027,-0.0006156109,0.02637082,0.001408037,0.9996511,---,0.04924872,-0.03153816,0.1678309,0.9840797,0.0003455193,0.04223983,0.001646998,0.9991061,-0.0008311874,0.02815574,0.0009696376,0.9996027,-0.0006156109,0.02637082,0.001408037,0.9996511
T47.085846840404,18.8208,0.4667068,0.9775085,5.97934,12.57569,0.3704365,4.932526,12.51591,3.36734,4.85733,11.66364,3.436859,---,-0.1635319,0.002623093,-0.007749483,0.9865041,-0.05148837,0.1095414,0.008921111,0.9926077,-0.04595608,0.1076001,-0.02449072,0.9928295,-0.04518159,0.1002077,-0.02550207,0.9936129,---,-0.1211142,0.6994186,0.1101548,0.695709,-0.03009959,0.779337,0.04271594,0.6244221,-0.04981341,0.7781213,0.0151783,0.6259517,-0.04998089,0.773448,0.01391553,0.6317329
T52.197573069483,0.8270569,6.457526,21.17779,0.06149076,3.422475,0.2028976,0.2559509,7.148005,0.08959961,0.3742065,8.147607,0.07226563,---,0.003266344,0.05668635,0.183864,0.9813104,0.0005892424,0.02986128,0.001753801,0.9995524,-0.002277858,0.06233575,-0.0006411339,0.9980525,-0.00330198,0.07103894,-0.0003969697,0.9974681,---,0.003266344,0.05668635,0.183864,0.9813104,0.0005892424,0.02986128,0.001753801,0.9995524,-0.002277858,0.06233575,-0.0006411339,0.9980525,-0.00330198,0.07103894,-0.0003969697,0.9974681
T58.571052771993,7.311374,16.5097,11.18814,1.595149,3.609131,3.590729,4.533661,1.994876,8.186768,4.569763,2.16874,9.367676,---,0.04883202,0.1487529,-0.1053846,0.9820296,0.01489261,-0.03103602,-0.0308732,0.9989303,-0.04068813,0.01452671,-0.0706289,0.9965666,-0.0412719,0.01559156,-0.08082583,0.9957513,---,0.6617075,-0.08649816,0.3072808,0.6784098,0.6790642,-0.266385,0.2338944,0.6428095,0.6396388,-0.2250485,0.2220083,0.7006623,0.641196,-0.2176288,0.215664,0.7035584
T64.9371320949867,5.304108,14.36716,13.36977,0.03646641,4.407396,0.1812064,0.2268982,5.669658,0.01663909,0.2658997,6.073228,0.02130127,---,-0.03105393,0.1294097,0.121118,0.9836764,0.0003787992,0.03845175,0.001567918,0.9992592,-0.001970483,0.04945711,0.0002429544,0.9987743,-0.002326932,0.05297353,-6.279599E-05,0.9985932,---,-0.03105393,0.1294097,0.121118,0.9836764,0.0003787992,0.03845175,0.001567917,0.9992591,-0.001970483,0.04945711,0.0002429544,0.9987743,-0.002326932,0.05297353,-6.279599E-05,0.9985932
T71.9359902190045,5.195953,16.56687,10.61543,0.3274889,109.2584,20.48346,4.813904,34.77777,0.9642944,1.331818,13.98595,0.8477672,---,-0.03134906,0.1474542,0.09794793,0.9837077,-0.1433547,0.802721,-0.105216,0.5692258,-0.04258874,0.2982442,0.00452736,0.9535283,-0.01063458,0.1218214,0.008757478,0.9924564,---,-0.03134906,0.1474542,0.09794793,0.9837077,-0.1433547,0.8027211,-0.105216,0.5692258,-0.04258874,0.2982442,0.00452736,0.9535283,-0.01063458,0.1218214,0.008757478,0.9924564
T77.8866605022922,21.96959,1.456689,4.702651,46.8988,178.5652,168.3157,75.72685,19.08633,13.35416,16.48358,2.277748,2.446167,---,0.1908846,0.004651284,0.03785175,0.9808714,0.9120682,0.09833114,-0.0519291,0.3946719,0.6164004,0.0596211,-0.01054417,0.7851018,0.1428699,0.02272529,-0.02396925,0.9891902,---,0.1316868,0.1382647,0.7203461,0.6668156,0.575399,0.7144602,0.2423557,0.3157946,0.3937024,0.4780194,0.5476949,0.5626066,0.08495509,0.1170935,0.6825143,0.7164119
T83.2072988087311,0.4121704,25.09199,6.80043,9.541655,147.1288,11.38531,3.240723,118.1433,4.969391,1.602966,18.32862,0.6859263,---,0.009378734,0.2170477,0.05867347,0.974351,-0.0713935,0.9534355,-0.1073466,0.2726543,-0.05169322,0.8560313,0.001960617,0.5143291,-0.01285593,0.1593305,0.008136589,0.9871081,---,0.009378734,0.2170477,0.05867347,0.974351,-0.07139349,0.9534354,-0.1073466,0.2726543,-0.05169322,0.8560313,0.001960617,0.5143291,-0.01285593,0.1593305,0.008136588,0.9871081
T88.9489324288443,1.946655,10.35444,30.97507,66.21433,15.17029,171.4301,4.100403,5.691768,49.12042,4.668823,3.876949,25.91162,---,-0.04039565,0.08242999,-0.2644237,0.9600279,-0.1507142,0.5316525,-0.8226129,-0.1339366,-0.05312185,0.03027712,-0.4132553,0.9085601,-0.04724986,0.02381099,-0.2225425,0.9734862,---,0.6502782,0.2452626,-0.128689,0.7074063,-0.2012784,0.9576101,-0.2057401,0.01186356,0.6048862,0.3136247,-0.2708064,0.6800118,0.654948,0.1741983,-0.1405244,0.7217694
T94.8975764447823,2.273058,31.52644,8.554074,1.334003,155.7253,6.52124,4.782013,89.56895,3.425659,1.86142,27.28032,0.4663296,---,0.03929213,0.2694291,0.06638684,0.9599255,-0.05315896,0.9761368,-0.02332054,0.2092539,-0.05063467,0.7026291,0.008178881,0.7097053,-0.01482537,0.2358546,0.007784672,0.9716441,---,0.03929213,0.2694291,0.06638684,0.9599255,-0.05315896,0.9761368,-0.02332054,0.2092539,-0.05063466,0.702629,0.00817888,0.7097052,-0.01482537,0.2358546,0.007784672,0.9716441
T102.529733450152,8.155579,30.65935,2.631499,4.258484,117.5101,10.48334,0.3854858,116.4816,7.238983,3.09491,27.65971,5.039612,---,-0.06250755,0.2652085,0.04088392,0.9612938,-0.09724319,0.8490341,-0.01572186,0.519074,-0.0519101,0.8486789,-0.03608295,0.5251168,-0.03670221,0.2375684,-0.03622569,0.970001,---,-0.01529022,0.8672681,0.07310881,0.4922066,-0.07987836,0.9673985,0.05764429,-0.233317,-0.06222048,0.9714202,0.01119148,-0.228793,-0.05156782,0.8538805,0.0003369492,0.5179081
T108.197667759843,4.751838,36.63779,3.164509,8.264256,144.2375,11.64285,3.015015,122.6439,5.043213,2.515533,35.40754,0.3409931,---,0.04801098,0.312829,0.01316539,0.948504,-0.07426736,0.9465697,-0.09928454,0.2977124,-0.0511983,0.8756219,0.001952425,0.4802721,-0.02000609,0.3040833,0.009509108,0.9523879,---,0.04801098,0.312829,0.01316539,0.948504,-0.07426736,0.9465697,-0.09928454,0.2977124,-0.0511983,0.8756219,0.001952425,0.4802721,-0.02000609,0.3040833,0.009509108,0.9523879
T113.935572461225,2.91568,2.779287,42.74939,35.31309,43.79623,3.335223,2.083801,8.661917,59.4278,4.147156,6.645411,38.58905,---,-0.03252039,0.01330631,-0.3636659,0.9308665,0.2709647,-0.3634273,0.1388035,0.8804728,-0.05317314,0.05658964,-0.4929797,0.8665687,-0.05323195,0.04273277,-0.3276735,0.9423218,---,0.6816795,-0.01442164,0.01420727,0.7313708,0.8129956,-0.4930297,0.1648342,0.2622777,0.6494626,0.1101431,-0.06498225,0.7495627,0.6579304,-0.02741536,0.05443949,0.7506081
T119.536850561388,3.791704,43.63375,4.71463,10.46785,154.0228,9.009033,3.25354,118.3267,5.039703,2.690186,40.32651,0.1368595,---,0.0154096,0.3723868,-0.05044896,0.9265773,0.05576962,-0.9689649,0.1061921,-0.2161481,-0.05227281,0.8568165,0.001824412,0.5129618,-0.02162382,0.3446273,0.009212222,0.9384453,---,0.0154096,0.3723868,-0.05044896,0.9265773,0.05576961,-0.9689648,0.106192,-0.2161481,-0.05227281,0.8568165,0.001824412,0.5129618,-0.02162382,0.3446273,0.009212222,0.9384453
T126.256292541511,6.2696,44.7938,5.715912,0.0816967,0.1053095,0.1015015,0.7922668,15.44191,0.5655823,0.5731506,10.24145,0.2810669,---,0.03152802,0.382498,-0.06684031,0.920996,-0.0007121235,-0.0009196295,0.0008863682,-0.999999,-0.0075141,0.1343099,-0.003961813,0.990903,-0.005200549,0.08924097,-0.001996515,0.9959945,---,0.03152802,0.382498,-0.06684031,0.920996,-0.0007121235,-0.0009196295,0.0008863682,-0.999999,-0.0075141,0.1343099,-0.003961812,0.990903,-0.005200549,0.08924097,-0.001996515,0.9959945
