T1.51426214072853,2.252472,0.56262,2.146149,0.07776313,0.07889914,0.04721069,0.05987058,0.4545041,0.06265259,0.06462407,0.4519967,0.1230164,---,-0.01974339,0.004539866,-0.01862737,0.9996213,0.0006783273,0.0006888042,-0.0004124877,0.9999995,0.0005202969,0.003966571,-0.0005487438,0.9999918,0.0005597123,0.003945008,-0.001075721,0.9999915,---,-0.01974339,0.004539866,-0.01862737,0.9996213,0.0006783274,0.0006888043,-0.0004124877,0.9999996,0.0005202969,0.003966571,-0.0005487438,0.9999918,0.0005597123,0.003945008,-0.001075721,0.9999915
T13.6242707679048,20.22958,6.655256,21.12692,0.01724243,3.632076,0.4305262,0.2748718,4.291541,0.07037354,0.2584534,4.163147,0.03223816,---,-0.1828293,0.02403351,-0.1701496,0.9680109,-3.139651E-05,0.03169088,0.003759924,0.9994907,-0.00242014,0.03744042,-0.0005239487,0.9992958,-0.002243622,0.03632286,0.0003630635,0.9993376,---,-0.1828293,0.02403351,-0.1701496,0.9680109,-3.139651E-05,0.03169088,0.003759924,0.9994907,-0.00242014,0.03744042,-0.0005239487,0.9992958,-0.002243622,0.03632286,0.0003630635,0.9993376
T20.2745179543272,2.272181,28.12308,26.94247,0.7323801,0.9753113,1.11496,6.165009,0.7596033,0.1269836,6.64502,0.8125266,0.1619263,---,-0.03788515,0.2407133,-0.2306171,0.9420391,0.006307836,-0.008572641,0.009783548,0.9998955,-0.05378003,0.006559561,-0.0007500031,0.998531,-0.05796461,0.006996751,-0.0009997654,0.9982936,---,-0.1969989,0.1434212,0.5030513,0.8291931,0.01052209,-0.001601458,0.7139509,0.7001148,-0.04266653,-0.03338991,0.7055377,0.7065984,-0.04593462,-0.03603972,0.7051933,0.7066072
T26.0866216355935,35.09131,2.531932,36.40424,0.1370404,3.018247,0.9833801,0.3007202,3.636867,0.06866795,0.2166443,3.171362,0.1381432,---,-0.2928907,-0.07413424,-0.2914377,0.9076251,0.001421448,0.02632488,0.008547028,0.999616,-0.002604067,0.03173378,0.0006822154,0.9994928,-0.001856573,0.02767403,0.001257381,0.9996145,---,-0.2928907,-0.07413424,-0.2914377,0.9076251,0.001421448,0.02632488,0.008547028,0.999616,-0.002604067,0.03173378,0.0006822154,0.9994928,-0.001856573,0.02767402,0.001257381,0.9996145
T32.87441834528,39.90543,48.77591,16.14329,9.104503,4.10141,3.182648,1.179077,1.737037,13.85733,1.242218,1.744206,13.71979,---,-0.3622139,-0.3406434,-0.01930209,0.8674045,0.0782962,0.03785993,-0.03050387,0.9957439,-0.01204127,0.01380536,-0.1204585,0.9925494,-0.01257915,0.01381602,-0.1192571,0.9926876,---,0.3572237,-0.2272226,-0.2545199,0.8694715,0.759461,0.04834051,0.005201519,0.6487335,0.6933239,0.09493887,-0.07541514,0.7103528,0.6930413,0.09409691,-0.07455812,0.7108309
T39.664141879417,39.61749,31.1141,65.21344,0.6507937,4.239028,1.111588,0.4656677,8.940023,0.02581787,0.5101013,9.048467,0.03805377,---,-0.4109837,0.03663579,-0.4118479,0.8124849,0.006033814,0.03692668,0.009483461,0.9992548,-0.004068973,0.07793575,9.198084E-05,0.9969501,-0.004411397,0.07888142,0.0006821782,0.996874,---,-0.4109837,0.03663579,-0.4118479,0.8124849,0.006033815,0.03692668,0.009483462,0.9992549,-0.004068973,0.07793575,9.198084E-05,0.9969501,-0.004411397,0.07888142,0.0006821782,0.996874
T46.4539036946371,43.42872,16.1033,71.10852,6.797485,10.25917,1.053963,2.945831,9.396914,3.171661,2.946228,8.681931,3.259949,---,0.3737006,0.107146,-0.4927267,0.7785166,-0.05822358,0.08979061,0.01444479,0.9941525,-0.02787429,0.08114428,-0.02546777,0.995987,-0.02777616,0.07490689,-0.02640851,0.9964538,---,-0.08416417,0.626258,-0.6126566,0.4747306,-0.03095628,0.7664635,0.0513843,0.6394804,-0.03771853,0.7616468,0.001701669,0.6468915,-0.03831435,0.7575663,0.0009670727,0.651632
T51.9139729300514,43.16882,59.11262,83.06717,1.11982,2.275628,1.680799,0.2438049,7.153771,0.3512878,0.1085205,7.416309,0.2380371,---,-0.5436796,0.1311796,-0.4004931,0.7258166,0.01006037,0.01971091,0.01446959,0.9996504,-0.002314605,0.06238094,-0.002926873,0.9980454,-0.001079368,0.06467222,-0.002011744,0.997904,---,-0.5436796,0.1311796,-0.4004931,0.7258166,0.01006037,0.01971091,0.01446959,0.9996504,-0.002314605,0.06238094,-0.002926873,0.9980454,-0.001079368,0.06467222,-0.002011744,0.997904
T57.2340739117935,66.22232,92.28986,97.29623,10.57538,4.970764,5.309296,2.573092,0.5806794,6.060242,2.430821,0.5823531,7.23172,---,-0.7034505,0.1149439,-0.1753845,0.6791065,0.09397106,-0.03886924,-0.04208335,0.9939254,0.0221531,0.006245848,-0.05296043,0.9983313,0.02084839,0.006408422,-0.06315936,0.9977651,---,0.0004516047,-0.1844511,-0.04607216,0.9817612,0.7326082,-0.2414262,0.2414978,0.5887932,0.6793045,-0.2254736,0.2456234,0.6537403,0.6807981,-0.2189044,0.2385605,0.6570265
T62.3483653971925,35.88605,79.75237,107.0199,0.820792,3.15844,1.003134,0.2828369,5.166543,0.0429795,0.2955933,5.550374,0.01901462,---,-0.6309711,0.1726511,-0.4695182,0.5929754,0.007400948,0.02749466,0.008552947,0.999558,-0.002448812,0.0450721,0.0004859308,0.9989806,-0.002568483,0.04841748,0.0002906329,0.9988239,---,-0.6309711,0.1726511,-0.4695182,0.5929754,0.007400949,0.02749467,0.008552948,0.9995581,-0.002448812,0.0450721,0.0004859308,0.9989806,-0.002568483,0.04841748,0.0002906329,0.9988239
T70.0458212876692,28.97766,92.60987,126.1277,5.607831,139.6396,13.23364,5.062805,44.2121,1.450958,1.237549,11.43107,0.9406783,---,-0.7023814,0.1630264,-0.5143423,0.4642572,-0.09126254,0.9331885,-0.08531252,0.3369751,-0.04567705,0.3754067,0.004900149,0.9257211,-0.009927991,0.09966856,0.009243072,0.9949282,---,-0.7023814,0.1630264,-0.5143423,0.4642572,-0.09126254,0.9331885,-0.08531252,0.3369751,-0.04567705,0.3754067,0.004900149,0.9257211,-0.009927991,0.09966856,0.009243072,0.9949282
T75.3646866949275,59.13691,108.7278,15.64603,44.99609,175.7217,168.9436,15.53909,2.451196,0.4053801,2.287964,1.489227,0.1634827,---,0.1886162,0.7394437,-0.4662981,0.4474517,0.9203306,0.07472493,-0.002512184,0.3839289,0.1352322,0.02071447,0.0006127729,0.9905972,-0.01998178,0.01296451,-0.001166793,0.9997156,---,-0.3894939,0.6562374,-0.01332637,0.6461187,0.5979335,0.7036105,0.2697023,0.2732551,0.08097624,0.1102709,0.7008914,0.7000248,-0.02329655,-0.004961961,0.7060807,0.7077308
T80.8266722047701,28.47345,108.1043,139.598,7.350862,145.3815,11.86456,4.444031,22.77637,0.03839111,0.1482239,8.394226,0.9955772,---,-0.7862738,0.1354728,-0.465268,0.3833359,-0.07949875,0.9496183,-0.09156076,0.2890013,-0.03807449,0.197294,0.007327561,0.9795773,-0.001925957,-0.07317403,0.00856996,0.9972805,---,-0.7862738,0.1354728,-0.465268,0.3833359,-0.07949875,0.9496184,-0.09156077,0.2890013,-0.03807449,0.197294,0.007327561,0.9795773,-0.001925957,-0.07317403,0.00856996,0.9972805
T87.4756730059162,39.1922,178.5798,112.0436,64.68257,16.61392,134.7055,1.256511,2.360983,56.32074,0.09475708,1.652915,3.701691,---,-0.7788373,-0.5299139,-0.1971083,0.2715734,-0.3164817,0.4415303,-0.7417894,-0.3932416,-5.740401E-05,0.02333595,-0.4720116,0.8812835,-0.001292222,0.01438967,-0.03228235,0.9993744,---,-0.3586898,-0.2353291,-0.5140823,0.7427525,-0.5018501,0.8367333,-0.2123152,-0.05427746,0.6231209,0.3502636,-0.3172616,0.6232021,0.7057506,0.0330021,-0.01265203,0.7075781
T92.9349963152781,3.062225,110.1929,150.4828,6.073051,139.348,13.4798,4.355072,75.61643,2.557281,1.279114,8.030991,1.079755,---,-0.7966706,0.1940635,-0.5475387,0.1669039,-0.09162632,0.9321029,-0.09004065,0.3386468,-0.04368133,0.6117553,0.005669262,0.7898198,-0.01047446,0.0701237,0.01018039,0.9974313,---,-0.7966706,0.1940635,-0.5475387,0.1669039,-0.09162633,0.932103,-0.09004065,0.3386468,-0.04368133,0.6117553,0.005669262,0.7898198,-0.01047446,0.0701237,0.01018039,0.9974313
T100.011862904765,38.84113,66.06143,173.7957,8.788147,123.2055,16.55737,1.615021,83.33174,8.039215,3.361359,7.789207,4.07959,---,0.4982361,0.3061718,-0.7993271,0.1381878,-0.1623473,0.8626996,-0.001582404,0.4789472,-0.05709767,0.6623464,-0.04301444,0.7457794,-0.03165955,0.06680756,-0.03350519,0.9967005,---,-0.2129034,0.3142097,-0.9175158,-0.1187826,-0.1159158,0.9486874,0.1136779,-0.2713539,-0.07078995,0.9956952,0.009958343,0.05899607,-0.04607843,0.7520137,-0.001305069,0.6575336
T105.185310789384,13.75821,119.2794,145.3731,7.108728,144.9693,12.03448,2.006622,137.2573,4.801697,1.209503,12.25598,0.8598728,---,-0.7998222,0.3127343,-0.5098181,0.05066767,-0.08121983,0.9485138,-0.09028392,0.2925299,-0.0453794,0.9300108,0.001028854,0.3647185,-0.009693225,0.1068196,0.008587135,0.9941941,---,-0.7998222,0.3127343,-0.5098181,0.05066767,-0.08121983,0.9485138,-0.09028392,0.2925299,-0.0453794,0.9300107,0.001028854,0.3647185,-0.009693225,0.1068196,0.008587135,0.9941941
T111.2047857875,11.96313,143.2024,164.9454,41.68923,40.06546,12.01025,2.734096,3.154314,155.2485,0.7489037,1.587669,20.87006,---,-0.9312754,0.1562331,-0.3241588,-0.05690767,-0.3659631,0.2834053,-0.02937,-0.8859401,-0.02176471,0.02919116,-0.9762559,0.2135385,0.003917372,0.01480872,-0.1811881,0.9833292,---,-0.6001213,0.07722897,-0.3771032,0.7012014,-0.8865866,0.3450351,-0.172806,-0.255055,0.3815562,0.5931674,-0.5668063,0.4257913,0.6899718,-0.1369859,0.1584544,0.6928679
T117.013310772367,34.10773,116.7951,160.1581,1.890076,111.2949,18.64362,1.688904,136.6353,5.060608,1.807281,22.91007,0.7364652,---,-0.7756011,0.29167,-0.5365235,-0.159731,0.1428929,-0.8130604,0.07795314,-0.5589613,-0.04645953,0.9279992,-0.002627208,0.3696649,-0.01418019,0.1986694,0.009430035,0.9799186,---,-0.7756011,0.29167,-0.5365235,-0.159731,0.1428929,-0.8130604,0.07795314,-0.5589613,-0.04645953,0.9279992,-0.002627208,0.3696649,-0.01418019,0.1986694,0.009430035,0.9799186
T124.924306497909,46.06526,121.085,166.7221,0.7884688,0.01593018,0.6684385,0.1938171,5.357378,0.3395081,0.05841064,2.430477,0.2655334,---,-0.7736903,0.2837617,-0.4889261,-0.2860665,-0.006879706,0.0001790728,-0.005834011,-0.9999593,-0.0018279,0.04672964,-0.002880402,0.9989018,-0.0005587541,0.02120708,-0.002305913,0.9997723,---,-0.7736903,0.2837617,-0.4889261,-0.2860665,-0.006879707,0.0001790728,-0.005834011,-0.9999594,-0.0018279,0.04672964,-0.002880402,0.9989018,-0.0005587541,0.02120708,-0.002305913,0.9997723
