T5.22294213529676,2.463898,1.641357,1.460907,0.03533936,1.096405,0.7657694,0.1450195,0.1434631,0.1697294,0.109375,0.1934509,0.1883008,---,-0.02131332,-0.01459255,-0.01305204,0.9995812,-0.0003722231,-0.009565584,0.006679293,0.9999319,-0.001267318,-0.001249943,0.001479581,0.9999973,-0.0009571418,-0.001686703,0.001641619,0.9999968,---,-0.02131332,-0.01459255,-0.01305204,0.9995812,-0.0003722231,-0.009565584,0.006679293,0.9999319,-0.001267318,-0.001249943,0.001479581,0.9999973,-0.0009571418,-0.001686703,0.001641619,0.9999968
T12.4343022471294,4.976196,5.106628,2.873413,0.2882996,2.879802,0.3923515,0.1104736,1.786388,0.4627855,0.06066895,2.237143,0.402218,---,-0.0422393,-0.04558045,-0.02695744,0.9977032,-0.002428997,0.02513675,0.003486032,0.999675,-0.0009009359,0.01559231,0.00405309,0.9998698,-0.0004608938,0.01952325,0.003519674,0.9998031,---,-0.0422393,-0.04558045,-0.02695744,0.9977032,-0.002428997,0.02513676,0.003486033,0.9996751,-0.0009009359,0.01559231,0.00405309,0.9998698,-0.0004608938,0.01952325,0.003519674,0.9998031
T19.0841163499281,5.152863,4.836021,2.682922,2.5685,0.137085,0.5273132,7.122979,1.166066,0.8570557,4.688544,1.045299,0.9751892,---,-0.0458863,0.04108409,-0.02147041,0.9978705,0.02241776,-0.001092833,-0.004573649,0.9997377,0.06203878,0.0106203,-0.008096284,0.9979844,0.04082311,0.009461943,-0.008875705,0.9990822,---,-0.06149735,-0.003395675,0.6904191,0.7207829,0.0166245,0.015079,0.7036873,0.7101554,0.03635835,0.05137773,0.6999566,0.7114065,0.02217569,0.0355569,0.7001817,0.7127339
T25.1029616324231,5.827484,6.216797,5.291626,0.2438965,4.006274,0.1968973,0.05909444,5.136675,0.2097414,0.04451806,5.203348,0.1860116,---,-0.04820368,-0.05644049,-0.04878765,0.9960476,-0.002066975,0.03495774,0.001791593,0.9993851,0.0005971965,0.04480992,0.001805391,0.9989938,0.0004617755,0.04539148,0.001603948,0.9989679,---,-0.04820368,-0.05644049,-0.04878765,0.9960476,-0.002066975,0.03495774,0.001791593,0.9993851,0.0005971965,0.04480992,0.001805391,0.9989938,0.0004617755,0.04539148,0.001603948,0.9989679
T30.7700422471389,8.206482,4.487457,3.82858,12.31792,2.699769,2.089417,2.954863,1.244376,6.106598,2.955255,1.185486,5.971313,---,-0.07276346,-0.03663981,0.03049349,0.9962094,0.1068126,0.02537346,-0.02064928,0.9937409,0.02516685,0.01221325,-0.05352369,0.9981747,0.02521157,0.0116707,-0.05233226,0.9982432,---,0.6529749,-0.04747041,-0.00434611,0.755878,0.7782087,0.03254299,0.003340498,0.627153,0.7236118,0.04648304,-0.0292109,0.6880205,0.7236918,0.04525693,-0.02875206,0.6880373
T37.0020792623982,13.98141,3.455261,8.095947,0.07162476,3.012226,0.5977439,0.2684631,4.174281,0.3285396,0.2453613,4.243811,0.3767415,---,-0.1192371,-0.03843711,-0.07369523,0.9893807,-0.000487707,0.02628649,0.005230901,0.9996406,-0.002236703,0.03642587,0.002950454,0.9993295,-0.00201794,0.03703252,0.003364699,0.9993064,---,-0.1192371,-0.03843711,-0.07369523,0.9893807,-0.000487707,0.02628649,0.005230901,0.9996406,-0.002236703,0.03642587,0.002950454,0.9993295,-0.00201794,0.03703252,0.003364699,0.9993064
T44.2851330591366,7.553043,2.995209,21.42477,5.321594,10.30933,0.6024801,3.518158,9.65002,2.958893,3.439606,9.004214,3.072601,---,0.0695425,-0.01338525,-0.1837206,0.9804241,-0.0457627,0.08998956,0.00940149,0.9948463,-0.03274855,0.08325542,-0.02313355,0.9957213,-0.0320119,0.07763007,-0.0243605,0.9961704,---,-0.08073613,0.6837997,-0.1790841,0.7027293,-0.02571126,0.7670948,0.03900697,0.6398304,-0.0395146,0.7629517,0.00679883,0.6452108,-0.0398613,0.7592915,0.005410356,0.649506
T51.3519905423746,20.392,2.220119,12.21848,0.1306152,3.039629,0.3946332,0.07461548,6.341551,0.2309503,0.07199097,6.381995,0.1978775,---,-0.1780068,0.0001235044,-0.1013141,0.9787998,-0.001047993,0.02652641,0.003472833,0.9996415,-0.0005387803,0.05531341,0.002048356,0.9984668,-0.0005311166,0.05566561,0.001759097,0.9984478,---,-0.1780068,0.0001235044,-0.1013141,0.9787998,-0.001047993,0.02652641,0.003472833,0.9996415,-0.0005387803,0.05531341,0.002048356,0.9984668,-0.0005311166,0.05566561,0.001759097,0.9984478
T58.2841216279194,22.88699,8.885964,8.169312,10.52817,5.247803,6.953857,3.493528,0.1569888,9.057098,3.484426,0.08828541,9.082703,---,-0.202711,0.06164442,-0.05427397,0.9757882,0.09424619,-0.0399444,-0.05613507,0.9931622,0.03027876,0.003771805,-0.07896057,0.9964107,0.03024624,0.003174897,-0.07916516,0.9963975,---,0.5030426,-0.2431723,0.2140082,0.801259,0.7363825,-0.2326678,0.2314836,0.5916262,0.6910631,-0.2073859,0.2287007,0.6535433,0.6912501,-0.2076474,0.2281648,0.6534498
T65.0750116324052,23.47162,6.235392,16.2529,0.1797791,4.370802,0.4177532,0.03179932,3.739081,0.2112799,0.09063721,3.823634,0.2740255,---,-0.2085861,0.024006,-0.1272471,0.9693936,-0.001428678,0.03813861,0.003702745,0.9992646,-0.0002171906,0.0326243,0.001851835,0.9994659,-0.0007106869,0.03336309,0.002416375,0.9994401,---,-0.2085861,0.024006,-0.1272471,0.9693936,-0.001428678,0.03813861,0.003702745,0.9992646,-0.0002171906,0.0326243,0.001851835,0.9994659,-0.0007106869,0.03336309,0.002416375,0.9994401
T71.9347848622128,30.45142,3.702715,17.46432,8.835107,144.6263,11.89139,2.982086,110.2644,4.816498,0.2675476,6.136659,0.4504205,---,-0.2641751,-0.009038003,-0.1380241,0.9545047,-0.0751211,0.947215,-0.1043663,0.2936807,-0.04932671,0.8188461,-0.00268323,0.5718836,-0.002121109,0.05353546,0.004049981,0.9985555,---,-0.2641751,-0.009038003,-0.1380241,0.9545047,-0.0751211,0.947215,-0.1043663,0.2936807,-0.04932671,0.8188461,-0.00268323,0.5718836,-0.002121109,0.05353546,0.004049981,0.9985555
T78.2427376573905,0.03980549,32.61769,18.39969,45.27168,177.9488,170.7737,58.53703,170.7767,168.0403,5.360403,2.153557,0.4479937,---,-0.04456717,0.277256,-0.1535416,0.9474006,0.9203863,0.06735387,-0.01448258,0.3848932,0.8688777,0.05149025,0.01898747,0.4919754,0.04682605,0.01858874,0.003025765,0.9987255,---,-0.2275633,0.1645358,0.5613431,0.7784837,0.603185,0.6984378,0.2619198,0.2824013,0.5779802,0.6507984,0.3613053,0.334453,0.01996679,0.04625524,0.7083451,0.704066
T83.6231039641425,36.19913,3.463593,9.74826,9.330921,146.2085,11.35037,2.290405,138.6627,4.852417,0.2797546,2.962367,0.7179701,---,-0.3069637,-0.05500618,-0.0900806,0.9458505,-0.07078335,0.9513282,-0.1060902,0.2805519,-0.04664807,0.9343132,0.003744193,0.3533678,-0.002278565,0.02586335,0.006326423,0.9996429,---,-0.3069637,-0.05500618,-0.0900806,0.9458505,-0.07078335,0.9513281,-0.1060902,0.2805519,-0.04664807,0.9343132,0.003744193,0.3533678,-0.002278565,0.02586335,0.006326423,0.9996429
T90.3408948546276,38.24063,18.85983,8.956995,63.92143,11.19133,96.07558,1.496433,5.307769,156.4636,1.854645,1.436177,7.312317,---,-0.3342278,-0.1290984,0.01927751,0.9334098,-0.4137642,0.3364181,-0.593349,-0.6029586,-0.0426649,0.02221299,-0.9779707,0.2031247,-0.01694902,0.01147357,-0.06355302,0.9977686,---,0.4236857,-0.1049176,-0.07765507,0.8963552,-0.7189315,0.6574446,-0.1816776,-0.1337806,0.1134622,0.7072366,-0.6758227,0.1737995,0.6935441,0.05305181,-0.03682573,0.7175137
T96.6525038322434,41.38141,1.506114,17.46857,9.725461,149.035,10.27353,0.7501831,151.0194,5.341125,0.5368042,5.035588,0.8722881,---,-0.3510626,-0.04149568,-0.137456,0.9252778,-0.06343615,0.9584129,-0.105179,0.2576004,-0.04674637,0.9670416,-0.005326802,0.250234,-0.004345374,0.04396352,0.007810424,0.9989932,---,-0.3510626,-0.04149568,-0.137456,0.9252778,-0.06343614,0.9584128,-0.1051789,0.2576004,-0.04674637,0.9670416,-0.005326802,0.250234,-0.004345374,0.04396352,0.007810424,0.9989932
T105.11011700239,7.72952,11.16589,50.63141,6.497559,123.8498,12.95139,0.5759697,125.6812,6.893768,3.419342,2.218195,3.695435,---,0.1021455,-0.05905928,-0.4186818,0.9004354,-0.1258521,0.8722849,-0.003308908,0.4725139,-0.05120322,0.888257,-0.03190798,0.4553676,-0.03043756,0.01837573,-0.03164566,0.9988666,---,-0.223825,0.5949427,-0.3682805,0.6784652,-0.0913306,0.9509162,0.0866511,-0.2826808,-0.0587685,0.9500861,0.0136438,-0.306099,-0.04389947,0.719299,-0.000854257,0.6933118
T111.702668811195,51.29129,8.126617,9.665497,8.629282,145.8297,10.87775,1.320038,138.5003,4.270599,0.1749268,1.111664,1.102892,---,-0.4247998,-0.1000222,-0.106316,0.8934415,-0.06834046,0.950964,-0.09935746,0.2848247,-0.03891865,0.9342728,-0.002434999,0.3544203,-0.001619621,-0.009685699,0.009609133,0.9999056,---,-0.4247998,-0.1000222,-0.106316,0.8934415,-0.06834045,0.9509639,-0.09935745,0.2848247,-0.03891865,0.9342728,-0.002434999,0.3544203,-0.001619621,-0.009685699,0.009609133,0.9999056
T118.62094009947,50.34546,26.50499,8.938507,40.90734,39.66251,15.70575,1.740596,1.072541,52.16174,2.362103,0.8845131,2.797455,---,-0.4289294,0.1745784,0.02856603,0.8858476,0.3690729,-0.2699685,-0.002984638,0.8893219,0.009527403,0.01508292,-0.439697,0.897969,0.02041665,0.008217935,-0.02456308,0.999456,---,0.2435258,-0.2603889,0.2563517,0.8984301,0.8959464,-0.3151939,0.162204,0.2676237,0.7077504,0.05668871,-0.03182574,0.703465,0.6706869,-0.2435109,0.2652976,0.6484588
T124.848717599176,53.92435,2.804711,27.7962,11.25501,154.6865,8.706696,3.721466,90.88435,3.271393,0.175354,1.670074,1.058447,---,-0.4452362,-0.08769808,-0.2032524,0.8676187,0.05228161,-0.9698274,0.1119536,-0.2101618,-0.04310112,0.7112265,0.003109987,0.7016335,-0.001664725,-0.01455883,0.009213265,0.9998502,---,-0.4452362,-0.08769808,-0.2032524,0.8676187,0.05228161,-0.9698273,0.1119536,-0.2101618,-0.04310112,0.7112265,0.003109987,0.7016335,-0.001664725,-0.01455883,0.009213265,0.9998502
T131.712923663668,55.68109,8.22396,32.57919,0.194969,0.07918329,0.1669419,0.002068738,3.238041,0.09635966,0.1423056,0.7335367,0.1754801,---,-0.464896,-0.06979563,-0.215244,0.8559617,-0.001702429,-0.000688524,-0.001455664,-0.9999973,5.712325E-06,0.02825348,0.000841071,0.9996005,0.001251626,0.006399358,0.00152337,0.9999776,---,-0.464896,-0.06979563,-0.215244,0.8559617,-0.001702429,-0.000688524,-0.001455664,-0.9999973,5.712325E-06,0.02825348,0.000841071,0.9996005,0.001251626,0.006399358,0.00152337,0.9999776
