T2.384561044164,3.639282,0.73685,3.765656,0.04608154,0.03523468,0.02023315,0.04026182,0.4322124,0.0674932,0.04465638,0.4425928,0.07590412,---,-0.03194679,0.005380213,-0.03263438,0.9989422,-0.000402323,0.0003074094,-0.0001765671,0.9999999,0.0003535696,0.003771548,0.0005876599,0.9999927,0.0003922558,0.003862082,0.0006608783,0.9999923,---,-0.03194678,0.005380213,-0.03263438,0.9989421,-0.000402323,0.0003074094,-0.0001765671,0.9999999,0.0003535696,0.003771548,0.0005876599,0.9999927,0.0003922558,0.003862082,0.0006608783,0.9999923
T10.5748026454821,14.96768,7.16877,16.58557,0.1190717,4.201385,0.4970417,0.2460022,4.446394,0.584198,0.1861877,4.902596,0.6121216,---,-0.1375728,0.04258895,-0.1346656,0.9803699,0.001197383,0.03665092,0.004296487,0.9993182,-0.002342961,0.03878084,-0.005010978,0.9992325,-0.001851705,0.04276083,-0.005267447,0.9990698,---,-0.1375728,0.04258895,-0.1346656,0.9803699,0.001197383,0.03665092,0.004296487,0.9993182,-0.002342961,0.03878084,-0.005010978,0.9992325,-0.001851705,0.04276083,-0.005267447,0.9990698
T17.0125764468685,2.781682,22.106,23.0748,1.127038,0.7529297,1.623532,0.7209308,1.102461,0.5672079,2.485992,0.7922859,0.4798982,---,-0.01499278,0.1925525,-0.2007991,0.9604054,0.009740825,-0.006708767,0.01423114,0.9998288,0.006338517,0.009589188,0.00488895,0.999922,-0.02166294,0.0070031,0.004336784,0.9997314,---,-0.1467567,0.1255537,0.5371228,0.8210956,0.01163162,0.002143988,0.7170486,0.6969228,-0.002298571,0.01126259,0.7105086,0.7035946,-0.02026995,-0.01036608,0.7099835,0.7038503
T22.6130938725546,27.52124,7.346239,30.90424,0.2074282,4.356519,0.9005133,0.180603,5.347626,0.381128,0.1142883,5.053543,0.4117443,---,-0.2453757,-0.003268963,-0.2435663,0.9383259,0.002107473,0.03799319,0.00778389,0.9992455,-0.001419094,0.04665482,0.003395856,0.9989043,-0.0008380296,0.04408946,0.003633616,0.9990206,---,-0.2453757,-0.003268963,-0.2435663,0.9383259,0.002107473,0.03799319,0.00778389,0.9992455,-0.001419094,0.04665482,0.003395856,0.9989043,-0.0008380296,0.04408946,0.003633616,0.9990206
T28.9865808719769,35.59296,38.2092,6.310536,13.11297,4.148674,1.368042,2.612844,1.390235,10.38284,2.525049,1.308889,10.96045,---,-0.3055181,-0.2952634,-0.0503597,0.9038485,0.1136704,0.03731905,-0.01598501,0.9926887,0.02160675,0.0141417,-0.09072886,0.9955408,0.02084073,0.0134711,-0.09572324,0.9950987,---,0.4230835,-0.173173,-0.2443924,0.8551513,0.7823141,0.03769166,0.01508544,0.6215599,0.7192319,0.07415468,-0.0541553,0.6886753,0.7183776,0.07721205,-0.05816104,0.6889043
T34.3031747946516,34.54797,32.68538,56.40561,1.072333,5.033106,1.106973,0.3237305,10.29064,0.468789,0.4053345,10.72826,0.4721189,---,-0.3780967,0.1021287,-0.35941,0.8470166,0.009772409,0.04381374,0.009239416,0.9989492,-0.002446879,0.08969249,0.004327809,0.9959571,-0.003136404,0.09349814,0.004432596,0.9956047,---,-0.3780967,0.1021287,-0.35941,0.8470166,0.009772409,0.04381374,0.009239416,0.9989492,-0.002446879,0.08969249,0.004327809,0.9959571,-0.003136404,0.09349814,0.004432596,0.9956047
T39.2732661897317,41.36675,6.625183,65.57443,6.371033,8.361568,0.9023552,3.57785,7.794549,3.297211,3.529144,6.999926,3.525482,---,0.3257117,0.1455004,-0.4886134,0.7962403,-0.05484629,0.07322522,0.01189243,0.9957352,-0.03308684,0.06701054,-0.0265681,0.9968495,-0.03259782,0.06004463,-0.02880989,0.9972472,---,-0.1151889,0.6659113,-0.5758148,0.4601426,-0.03037297,0.7558691,0.0471914,0.652313,-0.04218241,0.7522627,0.004609447,0.6574954,-0.04342182,0.7476183,0.002678472,0.6627023
T45.0850770073012,37.07568,61.79323,71.98923,0.4711575,2.885761,2.318656,0.3043823,9.959068,0.1720694,0.3460388,10.20014,0.05199876,---,-0.5068519,0.2335589,-0.346059,0.7541847,0.00461893,0.02509182,0.02012262,0.9994719,-0.002515989,0.08680347,0.001726486,0.9962208,-0.0029674,0.08889643,0.0007204133,0.9960362,---,-0.5068519,0.2335589,-0.346059,0.7541847,0.004618931,0.02509183,0.02012262,0.999472,-0.002515989,0.08680347,0.001726486,0.9962208,-0.0029674,0.08889643,0.0007204133,0.9960362
T54.3947706827894,48.47534,84.97243,113.7061,8.483456,4.354523,6.333984,0.1252747,1.434999,17.5376,0.1104126,1.782325,25.31778,---,-0.681187,0.08328161,-0.4114012,0.5998313,0.07589135,-0.03374588,-0.05224941,0.9951742,-0.002989334,0.01220938,-0.1524221,0.9882355,-0.004348315,0.01496391,-0.219105,0.9755769,---,0.03564038,-0.02347398,-0.2363691,0.9707257,0.7229774,-0.2366681,0.2336491,0.6055574,0.6815844,-0.1606728,0.1750073,0.6920978,0.6897258,-0.112253,0.129451,0.7035056
T59.7853609630838,16.21732,92.21021,96.54535,1.331467,3.399806,1.218719,0.0440979,8.690264,0.1250165,0.2161255,12.0082,0.1287133,---,-0.5975232,0.4018478,-0.4446269,0.5327207,0.01192867,0.02953736,0.01028508,0.9994397,-0.0003009738,0.07576456,0.001116988,0.9971251,-0.001758239,0.1046015,0.001314354,0.9945118,---,-0.5975232,0.4018478,-0.4446269,0.5327207,0.01192867,0.02953736,0.01028508,0.9994397,-0.0003009738,0.07576456,0.001116988,0.9971251,-0.001758239,0.1046015,0.001314354,0.9945118
T66.3639071518555,10.36063,101.6367,111.9646,1.007365,150.7801,8.710541,3.955811,109.4494,3.68692,0.9628296,11.48151,1.16985,---,-0.6717806,0.3846022,-0.4823676,0.4100165,-0.0712713,0.9650022,-0.02763632,0.2508534,-0.04616831,0.814837,0.009595669,0.577769,-0.007338397,0.1001041,0.01099753,0.9948891,---,-0.6717806,0.3846022,-0.4823676,0.4100165,-0.07127129,0.9650021,-0.02763632,0.2508533,-0.04616831,0.814837,0.009595669,0.577769,-0.007338397,0.1001041,0.01099753,0.9948891
T74.4117141710594,67.46822,150.24,33.35585,44.53858,175.7459,169.0917,83.33807,134.048,129.7091,0.9247815,1.483891,2.420013,---,0.367275,0.7289976,-0.4528496,0.3586068,0.9219255,0.07389733,-0.001803084,0.3802492,0.7328331,0.05731331,0.003868448,0.6779792,0.007794241,0.01311612,-0.021219,0.9996585,---,-0.2557765,0.7751818,-0.06663976,0.5737863,0.5996464,0.7041531,0.2676018,0.2701518,0.4776646,0.5587179,0.4821391,0.4766683,-0.003763139,0.01478586,0.6918612,0.7218693
T79.5262996414676,10.565,116.9338,127.1917,7.195038,145.7844,11.7919,3.164551,116.0525,4.492371,0.2109978,9.172241,1.032319,---,-0.7815918,0.3342985,-0.4315462,0.3018721,-0.07962275,0.9507198,-0.08981198,0.2858776,-0.04784511,0.8467429,0.002659202,0.5298399,0.001115032,-0.07997055,0.009126926,0.9967548,---,-0.7815918,0.3342985,-0.4315462,0.3018721,-0.07962275,0.9507197,-0.08981197,0.2858776,-0.04784511,0.8467429,0.002659202,0.5298399,0.001115032,-0.07997055,0.009126926,0.9967548
T86.1715437183157,40.32077,154.1218,124.3957,62.72894,17.89608,99.99255,2.010864,2.660169,138.5868,2.353466,2.046307,2.052063,---,-0.7732887,-0.4949896,-0.3426015,0.1990834,0.228779,0.4792126,-0.6981502,0.4802101,-0.02791216,-0.008202999,-0.9348633,0.3538137,0.02021017,0.0182175,-0.01826658,0.9994628,---,-0.4060245,-0.1077546,-0.5922664,0.6875709,0.501331,0.8325213,-0.1548123,0.1777886,0.2304472,0.6552478,-0.6668486,0.269921,0.7210177,0.02579814,-3.470096E-05,0.6924362
T91.8440114455298,12.66517,118.7918,139.1345,7.984713,144.869,12.55551,1.600555,145.1873,5.209198,0.8743286,8.193941,1.186222,---,-0.7820272,0.3512664,-0.5073034,0.08768502,-0.08311084,0.9476537,-0.09889985,0.292,-0.04753191,0.9529386,-0.0002793168,0.2994138,-0.006870389,0.07151757,0.01086989,0.9973565,---,-0.7820272,0.3512664,-0.5073034,0.08768502,-0.08311084,0.9476537,-0.09889985,0.292,-0.04753191,0.9529386,-0.0002793168,0.2994138,-0.006870389,0.07151757,0.01086989,0.9973565
T99.1235531726852,48.38272,80.61899,149.3739,4.522614,116.9549,12.30698,0.3115845,103.5249,7.69696,3.63797,14.0656,4.225616,---,0.4866296,0.4572348,-0.7409092,0.07198376,-0.111814,0.8446516,-0.0225594,0.5230223,-0.05439696,0.7835643,-0.03940995,0.6176689,-0.03599327,0.1211312,-0.03268754,0.9914451,---,-0.1798028,0.3742141,-0.868001,-0.2724136,-0.09501632,0.9670916,0.06311251,-0.2274263,-0.06633151,0.9908215,0.01059742,-0.1173057,-0.04856467,0.7867102,0.002337502,0.6154048
T104.307336156257,22.4243,121.2524,118.7543,7.394485,146.5039,11.8147,2.184387,133.3924,5.218506,1.052429,12.6482,1.052829,---,-0.6870114,0.5174988,-0.5003552,0.09927343,-0.07986598,0.9524263,-0.09101713,0.2796815,-0.04933568,0.9169581,-0.0005183425,0.3959212,-0.008115831,0.1102269,0.01014285,0.9938216,---,-0.6870114,0.5174988,-0.5003552,0.09927343,-0.07986598,0.9524263,-0.09101713,0.2796815,-0.04933568,0.9169581,-0.0005183425,0.3959212,-0.008115831,0.1102269,0.01014285,0.9938216
T111.582377883606,11.13206,118.1021,169.5581,44.05535,40.01953,18.17233,3.573706,0.2305298,42.19836,4.307912,0.2735085,23.97595,---,-0.8455019,0.1273472,-0.5172953,-0.03626182,0.3980843,-0.2575688,-0.01082899,0.8803806,0.02981471,0.009348921,-0.3597493,0.9325257,0.03626958,0.01013968,-0.2076468,0.9774787,---,-0.4705207,0.2021542,-0.4933494,0.7031006,0.9078253,-0.291699,0.1706108,0.2483079,0.7234969,-0.003146777,0.03149734,0.6896017,0.715708,-0.1124135,0.1452906,0.6738071
T117.397821909748,47.72762,130.7787,132.1275,12.10275,167.737,6.084412,3.950256,63.67541,1.352448,2.00473,33.28518,0.8741359,---,-0.6915732,0.4913204,-0.4973224,-0.1816628,0.04122972,-0.9879432,0.1103064,-0.1005029,-0.03550012,0.5268193,0.008159515,0.8491964,-0.01457597,0.2864763,0.01231758,0.9578972,---,-0.6915732,0.4913204,-0.4973224,-0.1816628,0.04122972,-0.9879432,0.1103064,-0.1005029,-0.03550012,0.5268193,0.008159515,0.8491964,-0.01457597,0.2864763,0.01231758,0.9578972
T126.006523779593,62.58036,140.9911,140.2021,1.007113,0.7436218,1.086303,0.5451683,0.21257,0.00549732,0.3485491,4.381922,0.09951782,---,-0.6983948,0.4372203,-0.4349126,-0.3632275,-0.008726513,0.006571943,-0.009536103,-0.9998949,0.004757375,0.001855229,-5.679775E-05,0.9999869,0.003006237,0.03823262,-0.0009840394,0.9992639,---,-0.6983948,0.4372203,-0.4349126,-0.3632275,-0.008726513,0.006571943,-0.009536103,-0.9998949,0.004757375,0.001855229,-5.679775E-05,0.9999869,0.003006237,0.03823262,-0.0009840394,0.9992639
