T1.93316795304418,1.883453,1.864228,1.457825,0.06433105,0.02529654,0.01159487,0.1819153,0.166687,0.03901174,0.1582947,0.1159973,0.03353882,---,-0.01663897,0.01605517,-0.01245075,0.9996551,-0.0005613535,0.0002208107,0.0001013083,0.9999999,-0.001588055,-0.001454008,0.0003381317,0.9999976,-0.001381182,-0.001012547,-0.0002939464,0.9999985,---,-0.01663897,0.01605517,-0.01245075,0.9996551,-0.0005613535,0.0002208107,0.0001013083,0.9999999,-0.001588055,-0.001454008,0.0003381317,0.9999976,-0.001381182,-0.001012547,-0.0002939464,0.9999985
T9.41678182780743,8.921875,10.72267,7.733673,0.1016235,3.378698,0.174353,0.264679,2.806379,0.1097402,0.2257996,2.708254,0.08248498,---,-0.08354497,0.08771901,-0.05968838,0.9908395,-0.0008416915,0.02948173,0.001547002,0.9995638,-0.002285706,0.02448996,0.001013937,0.999697,-0.001953014,0.02363314,0.000766183,0.9997185,---,-0.08354497,0.08771901,-0.05968838,0.9908395,-0.0008416914,0.02948173,0.001547002,0.9995637,-0.002285706,0.02448996,0.001013937,0.999697,-0.001953014,0.02363314,0.000766183,0.9997185
T19.0050725415349,10.52335,20.78175,17.13409,2.167791,0.08096313,1.317717,1.358962,1.215991,0.2745378,1.070862,1.181792,0.3782953,---,0.06243936,0.1910354,-0.1622619,0.9660631,0.01890704,-0.0009238885,0.0115103,0.9997546,0.01188362,0.01058214,0.00226965,0.9998708,0.009378395,0.01028154,0.003204552,0.9998981,---,-0.09093117,0.1792338,0.5683733,0.7978463,0.01402258,0.01271601,0.7150723,0.6987942,0.0009202864,0.01588569,0.7086203,0.7054105,-0.0006386228,0.01390168,0.7093006,0.7047687
T24.8175318315625,26.00452,13.56385,24.99814,0.03277588,2.95065,1.09603,0.2993164,4.540245,0.1914553,0.302887,4.599142,0.2875733,---,-0.2430225,0.06398363,-0.1834598,0.9503624,-3.973977E-05,0.02574799,0.009568716,0.9996227,-0.002543858,0.03961492,0.001772912,0.9992102,-0.002540415,0.04013067,0.002613576,0.9991878,---,-0.2430225,0.06398363,-0.1834598,0.9503624,-3.973977E-05,0.02574799,0.009568715,0.9996226,-0.002543858,0.03961492,0.001772912,0.9992102,-0.002540415,0.04013067,0.002613576,0.9991878
T30.839218404144,34.3508,15.23123,12.82471,10.7545,3.407804,2.044189,1.189662,1.310432,7.981903,1.1115,1.338999,7.847809,---,-0.276721,-0.1585133,-0.1446515,0.936683,0.09312857,0.03126967,-0.02053767,0.994951,0.009559874,0.01212958,-0.06970906,0.9974478,0.008876547,0.01232047,-0.06853682,0.997533,---,0.4666636,-0.009801749,-0.2143699,0.8580062,0.7693884,0.03663332,0.007588666,0.6376847,0.712062,0.05786866,-0.04071485,0.6985423,0.711639,0.05717474,-0.03975096,0.6990857
T36.3662134669721,31.13525,29.72094,30.92163,0.1960855,4.316133,0.6059948,0.4780579,5.472973,0.01904297,0.4464417,5.38873,0.03044486,---,-0.3158727,0.1689667,-0.1818722,0.9157496,0.001909068,0.03764683,0.005220084,0.9992757,-0.004174942,0.04774143,3.318196E-05,0.998851,-0.003879191,0.04700888,0.0004485292,0.9988868,---,-0.3158727,0.1689667,-0.1818722,0.9157496,0.001909068,0.03764683,0.005220084,0.9992757,-0.004174942,0.04774143,3.318196E-05,0.998851,-0.003879191,0.04700888,0.0004485292,0.9988868
T52.8834616802633,22.41341,26.35283,47.55493,5.983032,8.298326,0.9797571,3.447601,9.296237,3.161774,3.375153,9.089923,3.259338,---,0.08301641,0.2809195,-0.4256267,0.8561743,-0.05143174,0.07269708,0.01229171,0.9959512,-0.03220562,0.08014135,-0.02504821,0.9959482,-0.03159768,0.07834008,-0.02600488,0.9960864,---,-0.2422621,0.8040468,-0.359665,0.4067666,-0.02767618,0.7556484,0.04505928,0.6528392,-0.04048457,0.7609102,0.005061053,0.6475732,-0.04073116,0.7597343,0.003954708,0.6489447
T60.4461920522153,40.38937,65.60828,43.24176,0.1183912,3.388015,0.5293974,0.5198364,7.663274,0.04430715,0.5309143,8.147599,0.04315186,---,-0.4570948,0.3657763,-0.1167984,0.8022658,0.001169266,0.0295566,0.004587284,0.999552,-0.004500479,0.0668259,0.0006889326,0.9977543,-0.00464804,0.07103882,-4.656757E-05,0.9974627,---,-0.4570948,0.3657763,-0.1167984,0.8022658,0.001169265,0.02955659,0.004587284,0.9995518,-0.004500479,0.0668259,0.0006889326,0.9977543,-0.00464804,0.07103882,-4.656757E-05,0.9974627
T68.56381791085,25.70645,67.72384,81.2103,6.570522,4.123627,3.317108,1.311127,1.12369,2.635345,1.231873,1.114699,3.378906,---,-0.4938019,0.2922034,-0.432802,0.6953124,0.0582857,-0.03424593,-0.02681598,0.9973519,-0.01166329,0.009539565,-0.02288089,0.9996247,-0.01103147,0.009405727,-0.0293747,0.9994633,---,0.1696888,0.1518606,-0.03732207,0.9730114,0.7061517,-0.2589633,0.2457629,0.611464,0.649027,-0.2524729,0.2586248,0.6694286,0.6511278,-0.2481034,0.2544224,0.6706315
T75.1432448066771,38.51187,97.51955,72.7218,0.001394704,4.286898,0.5750038,0.2503967,3.819321,0.1537395,0.2298584,3.996645,0.06726757,---,-0.5959425,0.4427776,-0.1692628,0.6481904,0.0001755122,0.03740111,0.005014778,0.9992877,-0.00213913,0.03332652,0.001413696,0.9994413,-0.001984297,0.03487134,0.0006566113,0.9993896,---,-0.5959425,0.4427776,-0.1692628,0.6481904,0.0001755122,0.0374011,0.005014778,0.9992877,-0.00213913,0.03332652,0.001413696,0.9994413,-0.001984297,0.03487134,0.0006566113,0.9993896
T81.7234598621726,37.5246,110.3705,87.72852,5.28399,136.0908,13.50775,4.44986,48.74952,1.26413,0.9056396,8.31092,0.70389,---,-0.6710808,0.4332254,-0.1842108,0.5727415,-0.09184597,0.9220919,-0.08637801,0.3658548,-0.03990922,0.4119769,0.005980807,0.9103003,-0.00743706,0.07250768,0.00669889,0.9973176,---,-0.6710808,0.4332254,-0.1842108,0.5727415,-0.09184597,0.9220918,-0.086378,0.3658548,-0.03990922,0.4119769,0.005980807,0.9103003,-0.00743706,0.07250768,0.00669889,0.9973176
T89.2149752564728,42.54656,120.8198,31.86492,45.31755,174.1911,169.0401,74.62316,18.45254,15.39505,7.616017,2.123039,0.06921387,---,0.394712,0.7300204,-0.1770668,0.5290747,0.9192821,0.06858229,0.009803526,0.3874543,0.6099966,0.04623324,0.008843336,0.7910047,0.06639079,0.01852516,-0.001832966,0.99762,---,-0.2370989,0.7953059,0.2489071,0.4993175,0.6015356,0.6985255,0.2809036,0.2670394,0.3986409,0.4640246,0.565578,0.5530716,0.03384611,0.06004464,0.7041278,0.70672
T96.0042318478227,39.97949,130.0152,109.5713,0.9789722,149.909,7.330292,3.072968,129.0634,5.216217,0.4433899,0.8162842,0.6633693,---,-0.779172,0.3731551,-0.1457185,0.4820917,-0.05951853,0.9638513,-0.02482683,0.2585186,-0.05258569,0.9010391,0.004622345,0.4305135,-0.003910302,-0.007100861,0.005761205,0.9999506,---,-0.779172,0.3731551,-0.1457185,0.4820917,-0.05951852,0.9638512,-0.02482683,0.2585185,-0.05258569,0.9010391,0.004622345,0.4305135,-0.003910302,-0.007100861,0.005761205,0.9999506
T102.934390947223,50.78018,127.1899,179.2432,64.04069,17.72903,140.2265,1.437888,4.736912,172.5063,1.253632,1.874127,0.286496,---,-0.8078821,-0.1960239,-0.4042867,0.3813837,-0.3010692,0.4482025,-0.7599826,-0.3617987,-0.04041474,0.01521042,-0.9969655,0.06476959,-0.01089728,0.01638043,0.00267857,0.9998028,---,-0.30158,0.147264,-0.4244837,0.8409379,-0.4687183,0.8543158,-0.2204618,-0.04294223,0.01722148,0.7157164,-0.6942056,0.07437655,0.6992619,0.009688678,0.01347675,0.714673
T108.959275957197,23.76312,139.4856,120.2184,7.086134,144.1213,11.57053,1.317902,156.9235,5.532257,0.3785095,2.614502,0.6499044,---,-0.8314518,0.395705,-0.1974878,0.3363096,-0.07677887,0.9466469,-0.08948307,0.299929,-0.04957854,0.9784741,0.001602843,0.2003194,-0.003431523,-0.02279464,0.005594594,0.9997187,---,-0.8314518,0.395705,-0.1974878,0.3363096,-0.07677887,0.9466469,-0.08948306,0.2999289,-0.04957854,0.9784741,0.001602843,0.2003194,-0.003431523,-0.02279464,0.005594594,0.9997187
T119.804141234607,57.46061,13.58459,165.6146,6.933899,118.2807,13.3739,0.2362524,119.706,6.831604,3.534973,4.108124,3.109894,---,0.1626573,0.4605721,-0.8567673,0.1654261,-0.1305837,0.8474145,-0.008061186,0.5145597,-0.05048891,0.8632635,-0.03170267,0.5012205,-0.02984016,-0.03664862,-0.02821048,0.9984841,---,-0.4908099,0.4426476,-0.720842,-0.2086997,-0.09803674,0.9630612,0.0866365,-0.2353638,-0.05811822,0.9648359,0.01328387,-0.2560031,-0.04104801,0.6801204,0.001152359,0.7319494
T127.015439726412,1.059423,154.9861,125.5249,7.372356,142.1811,12.67999,2.641937,129.1201,5.000092,1.148468,7.95097,1.030774,---,-0.8670644,0.4485808,-0.1966677,0.09108513,-0.08354472,0.9406016,-0.09616271,0.3147087,-0.04927357,0.9015049,0.002065228,0.4299497,-0.009374004,0.0694133,0.009667784,0.9974971,---,-0.8670644,0.4485808,-0.1966677,0.09108513,-0.08354472,0.9406016,-0.09616271,0.3147087,-0.04927357,0.9015049,0.002065228,0.4299497,-0.009374004,0.0694133,0.009667784,0.9974971
T133.66326925531,23.28982,136.9468,135.1151,40.64417,39.15442,10.55563,1.081556,4.163586,83.79578,0.03267002,1.856344,19.64957,---,-0.8138224,0.4162722,-0.4038432,-0.03635002,0.3547364,-0.2827884,0.03460494,0.8905029,-0.01723714,0.03333639,-0.6675898,0.7435828,-0.002483238,0.01601002,-0.1706179,0.9852041,---,-0.5587652,0.3253837,-0.2219354,0.72983,0.8806496,-0.3523245,0.1748257,0.2641203,0.6461359,0.2520257,-0.2177983,0.6866989,0.6838299,-0.1453457,0.1649199,0.695739
T140.314579028636,24.67308,154.3867,138.9194,1.703094,143.2382,8.919312,4.252716,107.9156,4.026672,1.433563,17.38053,0.82926,---,-0.8754297,0.3785853,-0.275876,-0.1191157,-0.07845417,0.9456391,-0.01045578,0.3154399,-0.05020525,0.8067614,0.009325851,0.5886667,-0.01127268,0.1511666,0.00904307,0.9884027,---,-0.8754297,0.3785853,-0.275876,-0.1191157,-0.07845417,0.945639,-0.01045577,0.3154398,-0.05020525,0.8067614,0.009325851,0.5886667,-0.01127268,0.1511666,0.00904307,0.9884027
T144.351987849921,24.42114,161.7965,138.0269,1.392043,24.55761,9.830994,1.497248,19.38337,0.5363464,1.453707,6.056815,0.7138672,---,-0.8890694,0.3768773,-0.21915,-0.1396151,-0.006395482,0.2128882,-0.08629409,0.9732375,0.01209108,0.1683904,-0.006812877,0.9856227,0.01233859,0.05290472,-0.006890705,0.9984996,---,-0.8890694,0.3768773,-0.21915,-0.1396151,-0.006395482,0.2128882,-0.08629408,0.9732374,0.01209108,0.1683904,-0.006812877,0.9856227,0.01233859,0.05290472,-0.006890705,0.9984996
