T3.28177733998746,3.201996,0.8816587,2.153809,0.003772226,0.03149414,0.0275131,0.2128081,0.01074219,0.1157604,0.2320102,0.01077271,0.2058648,---,-0.0280777,0.007164405,-0.01857166,0.9994076,3.285287E-05,-0.0002749472,0.0002401062,1,0.001857004,-9.56657E-05,0.001010372,0.9999978,0.002024497,-9.765923E-05,0.001796695,0.9999964,---,-0.0280777,0.007164405,-0.01857166,0.9994076,3.285287E-05,-0.0002749472,0.0002401062,1,0.001857004,-9.56657E-05,0.001010372,0.9999978,0.002024497,-9.765923E-05,0.001796695,0.9999964
T16.7861765464768,14.73956,3.780175,11.52692,0.361908,4.745076,0.2437399,0.03057861,3.954885,0.4303041,0.009685773,4.154565,0.4074176,---,-0.1308393,0.01967011,-0.09532873,0.9866138,-0.003067414,0.04140318,0.002255935,0.9991353,-0.0001371971,0.03450679,0.003762077,0.9993974,0.0002133419,0.03624695,0.003549981,0.9993365,---,-0.1308393,0.01967011,-0.09532873,0.9866138,-0.003067414,0.04140319,0.002255935,0.9991354,-0.0001371971,0.03450679,0.003762077,0.9993974,0.0002133419,0.03624695,0.003549981,0.9993365
T24.6241760617122,6.9784,21.07273,27.19986,2.204564,0.009277344,0.540802,6.766546,1.147775,1.614899,6.786753,1.18134,1.606873,---,0.0152385,0.1914724,-0.2415645,0.9511849,0.01923743,9.886729E-06,-0.004717033,0.9998038,0.05886522,0.01082922,-0.01465804,0.9980996,0.05903771,0.01111981,-0.01460696,0.998087,---,-0.1246162,0.1461667,0.5017774,0.8434012,0.01359593,0.01360991,0.7036327,0.7103035,0.03396657,0.04928141,0.6953982,0.7161278,0.03388307,0.04960886,0.6954254,0.7160828
T31.1384031688794,28.05261,7.9752,28.18936,0.3303833,3.935145,0.4508177,0.1529846,4.488165,0.4312666,0.1178589,5.049473,0.3619174,---,-0.2509317,0.006556436,-0.2193452,0.9428033,-0.002746288,0.0343448,0.004030767,0.9993982,-0.001186677,0.03916132,0.003812889,0.999225,-0.0008884114,0.04405371,0.00320056,0.9990237,---,-0.2509317,0.006556436,-0.2193452,0.9428033,-0.002746288,0.0343448,0.004030767,0.9993982,-0.001186677,0.03916132,0.003812889,0.999225,-0.0008884114,0.04405371,0.00320056,0.9990237
T41.2142200944945,39.34967,29.03519,1.169264,6.340567,3.937721,1.987762,2.894562,1.909623,0.7210083,2.754059,2.039492,1.517578,---,-0.3283233,-0.2327044,-0.07509297,0.912367,0.05466767,0.0352573,-0.01920856,0.9976971,-0.02535799,0.01649929,-0.005868101,0.9995251,-0.02426116,0.01747209,-0.01280941,0.9994709,---,0.4129813,-0.1114481,-0.2176456,0.8773005,0.7441342,0.03851318,0.01134817,0.6668224,0.6888402,0.01581614,0.007517387,0.7247018,0.6895775,0.02141225,0.003297012,0.7238879
T49.4035376636311,35.60281,23.62111,45.61432,0.03363037,3.097189,0.5190506,0.009979248,4.227209,0.2742387,0.009002686,2.822543,0.3772346,---,-0.3513901,0.06364314,-0.3035774,0.8833547,-0.0001709966,0.02702583,0.004535833,0.9996244,1.173002E-06,0.0368811,0.002394768,0.9993168,2.647285E-06,0.02462897,0.003292921,0.9996912,---,-0.3513901,0.06364314,-0.3035774,0.8833547,-0.0001709966,0.02702584,0.004535833,0.9996246,1.173002E-06,0.0368811,0.002394768,0.9993168,2.647285E-06,0.02462897,0.003292921,0.9996912
T59.7629991648719,41.09688,3.263302,48.14584,4.564545,10.31532,0.3399468,2.565338,10.93911,3.191711,2.526276,10.7425,3.320923,---,0.3094663,0.1674575,-0.390917,0.8505132,-0.03939477,0.0899426,0.006532143,0.9951461,-0.0249283,0.09463541,-0.02558266,0.994871,-0.02465003,0.09291071,-0.02677948,0.995009,---,-0.05759436,0.7198139,-0.4952458,0.4829933,-0.02323738,0.7672735,0.03247523,0.6400754,-0.03571664,0.7703973,-0.0004626975,0.6365626,-0.03636615,0.7692754,-0.001505755,0.6378798
T66.3472509710118,37.99829,37.62267,52.65292,0.06295776,3.620616,0.5862113,0.0278273,3.586395,0.3666537,0.03940377,3.540102,0.437577,---,-0.4114153,0.136598,-0.3028395,0.8487442,-0.000387581,0.03159297,0.00513044,0.9994876,0.0003428425,0.03129115,0.003190486,0.9995052,0.0004616454,0.03088677,0.003806127,0.9995155,---,-0.4114153,0.136598,-0.3028395,0.8487442,-0.0003875811,0.03159297,0.005130441,0.9994877,0.0003428425,0.03129115,0.003190486,0.9995052,0.0004616454,0.03088677,0.003806127,0.9995155
T76.4946349514648,62.03278,49.83466,62.92447,9.355247,4.483093,5.879211,2.003707,0.6996863,3.466217,1.946342,0.6881356,5.040161,---,-0.5870719,0.06407739,-0.2204951,0.7762877,0.08337877,-0.03475185,-0.04788789,0.9947598,0.01729179,0.006630948,-0.03034545,0.9993679,0.01670349,0.006745184,-0.0440644,0.9988663,---,0.1659375,-0.1830166,-0.05098333,0.9676623,0.7266901,-0.2380364,0.2377552,0.5989429,0.6705821,-0.2415919,0.2596139,0.6515779,0.6735514,-0.2325784,0.2504313,0.6553777
T83.7746209977195,49.26746,64.03761,69.24149,0.1190796,4.983521,0.514688,0.130009,4.171037,0.4306476,0.1447946,2.188294,0.4079322,---,-0.5646427,0.1958218,-0.2560091,0.7597973,-0.0008429668,0.04347992,0.004532416,0.9990437,0.001270544,0.03638658,0.003714322,0.9993301,0.001331309,0.01909067,0.003535093,0.9998106,---,-0.5646427,0.1958218,-0.2560091,0.7597973,-0.0008429668,0.04347992,0.004532416,0.9990437,0.001270544,0.03638658,0.003714322,0.9993301,0.001331309,0.01909067,0.003535093,0.9998106
T93.0165002150461,45.00839,78.84984,87.84491,8.365683,140.9583,13.29147,3.984253,89.24641,3.615143,0.8140259,8.648365,0.6517034,---,-0.6199465,0.2174992,-0.3199579,0.6826327,-0.08457836,0.9365139,-0.1068532,0.3230646,-0.04687294,0.7008871,0.001969503,0.7117277,-0.006654634,0.07543676,0.006206434,0.9971091,---,-0.6199465,0.2174992,-0.3199579,0.6826327,-0.08457836,0.9365139,-0.1068532,0.3230646,-0.04687294,0.7008871,0.001969503,0.7117277,-0.006654634,0.07543676,0.006206434,0.9971091
T100.78766369354,41.7668,89.15991,24.12234,46.54177,176.5112,169.8252,81.02279,145.3955,142.5764,9.071564,2.085109,0.5528255,---,0.1112645,0.6943719,-0.3837387,0.5985085,0.9156708,0.06944435,-0.007163152,0.3958197,0.749487,0.04987897,0.01519801,0.6599625,0.07915515,0.01775636,0.003369514,0.9966985,---,-0.4123192,0.569671,0.1518652,0.6945537,0.5983725,0.6965816,0.2748217,0.2849519,0.4946975,0.565237,0.4774105,0.4559173,0.0434155,0.06852678,0.7071549,0.7023897
T108.062698378228,46.98727,93.8808,124.5486,8.479383,144.3221,12.08063,1.698303,137.9983,5.460999,0.7720032,7.929518,0.5104412,---,-0.7197706,0.07081667,-0.4187584,0.5491419,-0.07737281,0.946429,-0.1021316,0.2964031,-0.04977405,0.9321598,-0.003250873,0.3585946,-0.006412886,0.06917057,0.00490948,0.9975722,---,-0.7197706,0.07081667,-0.4187583,0.5491419,-0.0773728,0.9464289,-0.1021316,0.296403,-0.04977405,0.9321598,-0.003250873,0.3585946,-0.006412886,0.06917057,0.00490948,0.9975722
T117.372945307754,55.11411,152.3078,98.25568,59.32059,14.9554,1.540375,2.507324,4.517095,51.84964,2.701416,2.755134,16.08469,---,-0.723353,-0.4795584,-0.1335041,0.4784985,0.4890837,0.1196737,-0.0759763,0.8606411,-0.03688696,0.02587681,-0.4359718,0.8988316,-0.02669607,0.0205008,-0.1392645,0.989683,---,-0.1731383,-0.2446974,-0.4335006,0.8498374,0.9543995,0.1383454,0.03089871,0.2627307,0.609487,0.3265764,-0.289981,0.661653,0.6809346,0.1129711,-0.08397864,0.7186885
T125.285882308148,25.56113,102.0832,137.8491,6.262685,130.769,15.97012,4.27771,76.05673,2.936493,1.172455,16.20149,1.001651,---,-0.7576275,0.1429081,-0.5103035,0.3810096,-0.1035701,0.9021254,-0.1069548,0.4049738,-0.04516254,0.614667,0.00281511,0.7874878,-0.008897165,0.1409899,0.01009495,0.9899196,---,-0.7576275,0.1429081,-0.5103035,0.3810096,-0.1035701,0.9021254,-0.1069548,0.4049738,-0.04516254,0.614667,0.00281511,0.7874878,-0.008897165,0.1409899,0.01009495,0.9899196
T136.345286342315,44.90818,55.26517,149.705,10.21796,122.0421,16.07419,0.4006348,119.2803,7.527161,3.578369,16.41819,4.340637,---,0.5021649,0.214617,-0.7440372,0.38494,-0.1645433,0.8567317,0.009666664,0.4887156,-0.05840135,0.8608858,-0.03016568,0.5045345,-0.03628464,0.1414438,-0.03300901,0.9887303,---,-0.1710295,0.4239508,-0.8811979,0.1204366,-0.1095143,0.9513749,0.123185,-0.2602267,-0.06262635,0.9654979,0.01996563,-0.2519784,-0.04899802,0.7991537,0.002316222,0.599122
T144.0437827399,15.74911,95.87857,132.0832,7.914857,144.3825,11.87341,2.902679,120.6655,5.193298,1.74292,27.29918,0.4390274,---,-0.70934,0.2147664,-0.5651205,0.3624238,-0.07724432,0.9469017,-0.09691339,0.2966788,-0.05187677,0.8671759,-0.0004316066,0.4952925,-0.01387563,0.2360108,0.007311704,0.9716239,---,-0.70934,0.2147664,-0.5651205,0.3624238,-0.07724432,0.9469017,-0.09691339,0.2966788,-0.05187677,0.8671759,-0.0004316066,0.4952925,-0.01387563,0.2360108,0.007311704,0.9716239
T153.633846662007,21.77179,150.6789,168.8086,39.60168,39.59253,7.815002,0.7071533,2.766279,26.88062,0.6442566,2.888986,27.60135,---,-0.9501668,0.0450665,-0.2295379,0.2060688,0.3397063,-0.2961915,0.05413283,0.8910331,-0.01161064,0.02204254,-0.2322153,0.9723454,-0.01147129,0.02313968,-0.2383278,0.9708413,---,-0.4361878,-0.1334811,-0.3218633,0.8296548,0.8695199,-0.3780484,0.1749033,0.2653745,0.6845025,-0.1001547,0.122671,0.7116019,0.6849682,-0.09500005,0.1190253,0.7124792
T161.824373706244,12.34448,96.99255,146.7308,6.724094,132.5569,15.83609,4.340332,77.84554,3.791992,1.945648,30.41212,0.3672589,---,-0.6930149,0.2814128,-0.6543061,0.1114489,-0.102533,0.9084723,-0.1085014,0.3903748,-0.05021629,0.6265032,-0.00194376,0.777797,-0.0155431,0.2623046,0.007545467,0.9648305,---,-0.6930149,0.2814128,-0.6543061,0.1114489,-0.102533,0.9084722,-0.1085014,0.3903748,-0.05021629,0.6265032,-0.00194376,0.777797,-0.0155431,0.2623046,0.007545467,0.9648305
T172.252465668134,21.55211,101.7521,154.556,0.3292284,0.2377625,0.3198422,0.1612755,1.104331,0.01692248,0.01739286,4.781213,0.08111572,---,-0.7174112,0.2829126,-0.636598,-0.004979081,0.002867247,-0.002082929,0.00279709,0.9999898,0.001408751,0.009636739,0.0001341065,0.9999526,0.0001221237,0.04171195,-0.0007135585,0.9991295,---,-0.7174112,0.2829126,-0.636598,-0.004979081,0.002867247,-0.002082929,0.00279709,0.9999898,0.001408751,0.009636739,0.0001341065,0.9999526,0.0001221237,0.04171195,-0.0007135585,0.9991295
