T2.71240763366222,1.67868,0.2477187,2.263641,0.03813359,0.01260376,0.01651001,0.03619385,0.06154734,0.3814766,0.06869507,0.02443857,0.2939279,---,-0.01468856,0.001871748,-0.01971877,0.999696,0.0003327942,-0.0001100229,-0.0001440221,0.9999999,-0.0003141833,0.0005381507,0.003329175,0.9999943,-0.0005988096,0.0002148034,0.002565129,0.9999965,---,-0.01468856,0.001871748,-0.01971877,0.999696,0.0003327942,-0.0001100229,-0.0001440221,0.9999999,-0.0003141833,0.0005381507,0.003329175,0.9999943,-0.0005988096,0.0002148034,0.002565129,0.9999965
T9.9151336401701,9.470276,0.7775019,8.609863,0.1642456,3.878304,0.2865925,0.2440796,3.667888,0.3480708,0.2444763,2.94183,0.4562245,---,-0.08282246,0.0005462798,-0.07424819,0.9937944,-0.001347878,0.03384157,0.002548055,0.999423,-0.002031703,0.03200914,0.003104089,0.9994807,-0.002030671,0.02567772,0.004034746,0.9996601,---,-0.08282246,0.0005462798,-0.07424819,0.9937944,-0.001347878,0.03384157,0.002548055,0.999423,-0.002031703,0.03200914,0.003104089,0.9994807,-0.002030671,0.02567772,0.004034746,0.9996601
T17.5456614457071,0.5326233,15.02569,13.70239,1.834098,0.3633118,0.5770517,4.12817,1.333696,0.6645872,2.376968,1.396079,0.6048111,---,-0.02017218,0.1292637,-0.1176625,0.9843981,0.0159886,-0.003250589,0.005085776,0.999854,0.03608169,0.01142181,0.005376252,0.9992691,0.02080393,0.01207053,0.005023736,0.9996981,---,-0.1056671,0.07713934,0.6128746,0.7792745,0.01360416,0.009007132,0.7105997,0.7034073,0.01743717,0.03359005,0.7103916,0.7027884,0.006175444,0.02324575,0.7104456,0.703341
T25.3862471468747,20.47086,3.04892,26.65533,0.08731069,2.150116,0.2192838,0.1842651,1.383358,0.209127,0.1834412,1.579532,0.2435395,---,-0.1668114,-0.06642266,-0.2313708,0.9561536,0.0007976975,0.0187607,0.001898978,0.9998219,-0.001585747,0.01207468,0.001844251,0.9999242,-0.001571379,0.01378694,0.002147141,0.9999014,---,-0.1668114,-0.06642266,-0.2313708,0.9561536,0.0007976973,0.0187607,0.001898978,0.9998218,-0.001585747,0.01207468,0.001844251,0.9999242,-0.001571379,0.01378694,0.002147141,0.9999014
T33.996935967356,24.01544,29.54602,7.364571,8.697376,3.310982,4.593834E-05,0.9837952,1.893136,2.540649,1.050812,1.997253,2.980804,---,-0.2167692,-0.2359764,0.007802413,0.9472409,0.07579441,0.02880661,-0.002190996,0.9967049,-0.008948072,0.016325,-0.02202403,0.9995841,-0.009618796,0.01718334,-0.0258446,0.999472,---,0.5165216,-0.1723777,-0.1613434,0.8230795,0.7583715,0.02191862,0.01882008,0.651182,0.7004855,0.02711686,-0.004029821,0.71314,0.6999319,0.03042535,-0.006124441,0.713535
T41.0662815757096,21.31445,9.591495,37.42554,0.1118302,3.303436,0.6102126,0.4385071,3.968317,0.2596481,0.4282227,4.163776,0.2569866,---,-0.2009034,0.01869543,-0.2995425,0.9325035,0.001128973,0.02881831,0.00529474,0.99957,-0.003745996,0.0346315,0.002396974,0.9993903,-0.003653117,0.03633584,0.002376892,0.9993302,---,-0.2009034,0.01869543,-0.2995425,0.9325035,0.001128973,0.02881831,0.00529474,0.99957,-0.003745996,0.0346315,0.002396974,0.9993903,-0.003653117,0.03633584,0.002376892,0.9993302
T48.6977035887539,28.0865,2.785522,38.0343,5.685608,9.1825,0.5776052,3.704987,6.864176,3.355804,3.639191,4.864085,3.321167,---,0.2370261,0.05675322,-0.310443,0.9188161,-0.04903318,0.08019637,0.008988118,0.9955318,-0.03400653,0.05886364,-0.02727851,0.9973137,-0.03293985,0.04147587,-0.02759106,0.9982151,---,-0.0519136,0.6898317,-0.3871191,0.6095705,-0.02831613,0.7606546,0.04102724,0.6472398,-0.04333507,0.7468301,0.004757424,0.6635844,-0.04280182,0.7351726,0.003782165,0.6765168
T55.6259951926768,30.7684,26.33627,31.24356,0.06941576,6.142675,0.2433777,0.406311,5.248933,0.4610686,0.5295105,7.894863,0.3252066,---,-0.3079204,0.1419724,-0.194607,0.9204113,0.0004911034,0.05358044,-0.002153209,0.9985611,-0.003357755,0.04580316,0.004181683,0.9989361,-0.004414382,0.06885326,0.003149292,0.9976121,---,-0.3079204,0.1419724,-0.194607,0.9204113,0.0004911034,0.05358044,-0.002153209,0.9985611,-0.003357755,0.04580316,0.004181683,0.9989361,-0.004414382,0.06885326,0.003149292,0.9976121
T62.7650440968573,44.09641,19.42663,35.86206,8.801737,4.726349,4.715698,1.714574,1.057047,3.608948,1.302923,1.073621,6.447449,---,-0.400178,0.03486989,-0.2210077,0.8887054,0.07829533,-0.03792281,-0.037823,0.9954904,0.01466343,0.009689851,-0.03162196,0.9993454,0.01082459,0.009992902,-0.05633511,0.9983032,---,0.3695145,-0.1816092,0.01059416,0.9112436,0.721981,-0.2482564,0.241081,0.5991595,0.6683679,-0.2394648,0.260061,0.6544533,0.6717846,-0.2238789,0.2427935,0.6630498
T69.7656146138906,24.19873,50.32548,62.24091,0.2709221,2.786543,0.4114428,0.2371521,2.907863,0.2663906,0.3465881,3.250512,0.2762938,---,-0.3772866,0.2578594,-0.3811044,0.8036933,0.002450827,0.02430607,0.003531951,0.9996953,-0.002009795,0.02537785,0.00237645,0.9996731,-0.002954992,0.02836934,0.002495919,0.99959,---,-0.3772866,0.2578594,-0.3811044,0.8036933,0.002450827,0.02430607,0.003531951,0.9996953,-0.002009795,0.02537785,0.00237645,0.9996731,-0.002954992,0.02836934,0.002495919,0.99959
T79.635779876262,26.35657,59.26159,75.57703,3.806633,129.7106,15.69745,4.009003,42.80883,0.8296509,0.9498291,11.48016,0.8398063,---,-0.4515786,0.2590036,-0.4295156,0.7379094,-0.1095691,0.8981899,-0.0877763,0.4165871,-0.03520523,0.3644798,0.006028367,0.930526,-0.00751392,0.1000701,0.008120603,0.9949189,---,-0.4515786,0.2590036,-0.4295156,0.7379094,-0.1095691,0.8981899,-0.0877763,0.4165871,-0.03520523,0.3644799,0.006028368,0.9305261,-0.00751392,0.1000701,0.008120603,0.9949189
T86.7784150056541,47.68645,48.95026,41.12585,42.09193,178.776,172.6509,58.03677,8.023142,5.732065,16.36046,2.194505,0.7830901,---,0.2113732,0.4840203,-0.4491955,0.7206033,0.9315667,0.05598281,-0.01306604,0.358997,0.4863553,0.03690368,0.009723363,0.8729273,0.1423875,0.01798205,0.004038258,0.9896394,---,-0.1927906,0.4917174,0.1919143,0.8271726,0.6191313,0.6983029,0.2446101,0.2630883,0.3178103,0.37,0.6241283,0.6103774,0.08796793,0.1133984,0.7026362,0.6969253
T93.6348017267883,38.39886,59.8482,82.4761,8.162966,141.7079,13.28937,5.002045,66.34819,3.396332,1.608398,19.57328,0.6194285,---,-0.5248737,0.1663814,-0.4161713,0.7236203,-0.08584721,0.9386615,-0.104641,0.3171674,-0.05270882,0.5453411,-0.000913296,0.8365548,-0.0129123,0.1700353,0.007712033,0.9853233,---,-0.5248737,0.1663814,-0.4161713,0.7236203,-0.0858472,0.9386613,-0.104641,0.3171673,-0.05270882,0.5453411,-0.000913296,0.8365548,-0.0129123,0.1700353,0.007712033,0.9853233
T100.424922291189,68.39761,102.7294,37.57104,61.20158,11.8773,34.67521,2.001923,3.045298,41.51575,1.711914,2.824873,30.84494,---,-0.5402904,-0.4986462,-0.2493664,0.6302814,0.5098552,-0.06587604,0.2048483,0.8329137,-0.02574565,0.0186542,-0.3538063,0.9347782,-0.02095073,0.01978743,-0.2654687,0.9636887,---,0.06363323,-0.1762674,-0.5289248,0.8277193,0.9494809,-0.191431,0.09826823,0.2284368,0.6427832,0.2633694,-0.2369884,0.679193,0.6666164,0.2017065,-0.1737229,0.6962453
T107.213902298361,28.16803,73.43121,101.7574,2.304138,100.0153,20.15967,4.123871,69.46186,2.63678,1.903046,30.49165,0.623882,---,-0.5729529,0.2145425,-0.5114128,0.6034514,-0.1467837,-0.7518909,0.09729404,0.6353334,-0.04266141,0.5685233,0.001596334,0.8215587,-0.0145904,0.263008,0.009618846,0.9646354,---,-0.5729529,0.2145425,-0.5114128,0.6034514,-0.1467837,-0.7518908,0.09729403,0.6353334,-0.04266141,0.5685233,0.001596334,0.8215587,-0.0145904,0.263008,0.009618846,0.9646354
T115.408285010606,62.62628,16.37775,113.386,9.748566,126.0259,16.22073,0.3533936,122.384,7.002625,4.157471,27.79422,5.285919,---,0.3841792,0.3630955,-0.6660763,0.5262228,0.1634361,-0.8735661,-0.01117078,-0.458308,-0.05499615,0.8745088,-0.02673151,0.4811395,-0.0462414,0.2381421,-0.03602997,0.9694597,---,-0.1993313,0.628843,-0.7426428,0.1153484,0.1076679,-0.9417771,-0.1234657,0.2936318,-0.05779018,0.9585881,0.01998612,-0.2781541,-0.05817464,0.8539034,0.007220568,0.5171196
T123.945912633091,14.02579,106.0026,107.195,5.618198,135.0656,14.60074,4.043243,63.42413,1.619537,2.337982,34.53347,0.507018,---,-0.6816021,0.411278,-0.422876,0.4329491,0.09870815,-0.9178857,0.09342393,-0.3728465,-0.03743108,0.5248471,0.00652629,0.8503481,-0.01816879,0.296842,0.01027978,0.9546984,---,-0.6816021,0.411278,-0.422876,0.4329491,0.09870814,-0.9178856,0.09342392,-0.3728465,-0.03743108,0.524847,0.006526289,0.850348,-0.01816879,0.296842,0.01027978,0.9546984
T130.454606402665,27.77374,109.8906,135.7177,41.76815,40.34988,15.50491,2.160656,0.8254144,30.34113,2.144064,0.9706704,32.61755,---,-0.7880305,0.1718221,-0.4424067,0.3921243,-0.3750146,0.2741485,-0.003522635,-0.8855474,0.016312,0.01188466,-0.2617711,0.964919,0.01557768,0.013382,-0.2809066,0.9595154,---,-0.1854185,0.08191668,-0.2838994,0.9371824,-0.8967326,0.3195466,-0.1643108,-0.2583843,0.7086388,-0.07791699,0.102273,0.6937581,0.7094019,-0.0631744,0.08908941,0.696291
T138.155116420239,8.178741,116.7762,117.6303,5.633201,134.0968,15.04144,4.692993,53.52276,2.174316,1.932251,26.10316,0.7512811,---,-0.7460604,0.407868,-0.4158336,0.3226765,0.1013805,-0.9143183,0.09583712,-0.3802096,-0.04508672,0.4491236,0.001505161,0.89233,-0.01494502,0.2258989,0.01019352,0.9739828,---,-0.7460604,0.407868,-0.4158336,0.3226765,0.1013805,-0.9143182,0.09583711,-0.3802096,-0.04508673,0.4491237,0.001505161,0.8923301,-0.01494502,0.2258989,0.01019352,0.9739828
T147.744312204421,0.6161499,119.6131,133.766,0.1780181,0.2938843,0.3848856,0.3011475,1.698031,0.05048348,0.4984741,6.26716,0.01849365,---,-0.795981,0.3368539,-0.4607076,0.2017233,-0.001544873,0.002569845,-0.003362723,-0.9999899,-0.002621101,0.01481868,0.000479441,0.9998867,-0.004352263,0.05466282,7.671459E-05,0.9984954,---,-0.795981,0.3368539,-0.4607076,0.2017233,-0.001544873,0.002569845,-0.003362723,-0.9999898,-0.002621101,0.01481868,0.000479441,0.9998867,-0.004352263,0.05466281,7.671458E-05,0.9984953
