T6.66749284416437,5.4776,3.040466,4.880646,0.03207397,0.04562378,0.0602193,0.08840015,0.07870483,0.06933594,0.0191331,0.0970459,0.0624916,---,-0.04659454,-0.02850952,-0.04378177,0.9975467,-0.0002800234,-0.0003980332,0.0005254011,0.9999998,0.000771852,-0.0006862932,-0.0006046254,0.9999993,0.0001665059,-0.0008469423,0.0005454833,0.9999995,---,-0.04659454,-0.02850952,-0.04378177,0.9975467,-0.0002800234,-0.0003980332,0.0005254011,0.9999999,0.000771852,-0.0006862932,-0.0006046254,0.9999993,0.0001665059,-0.0008469423,0.0005454833,0.9999995
T17.6559512615204,15.15558,7.319336,13.97818,0.4436951,3.603484,0.05499268,0.02471924,2.107336,0.02988713,0.07797241,1.862538,0.02926198,---,-0.1229263,-0.0788159,-0.1287266,0.9808704,-0.003885145,0.03143905,-0.000358041,0.9994981,-0.0002107917,0.01838899,0.0002647354,0.9998309,-0.0006760918,0.01625316,0.0002663826,0.9998677,---,-0.1229263,-0.0788159,-0.1287266,0.9808704,-0.003885145,0.03143905,-0.000358041,0.9994981,-0.0002107917,0.01838899,0.0002647354,0.9998309,-0.0006760918,0.01625316,0.0002663826,0.9998677
T26.1960109658539,9.297882,22.17977,37.25272,2.396422,0.4512329,1.22998,4.283793,1.131681,1.216156,5.239415,1.216525,1.21582,---,-0.136604,0.1562705,-0.2976266,0.9318462,0.02095209,-0.00371229,-0.0106487,0.9997169,0.03726577,0.0102648,-0.01097399,0.9991925,0.04558893,0.0110892,-0.01108323,0.9988372,---,-0.2070935,0.01390632,0.448461,0.8693686,0.01744035,0.01219038,0.6993769,0.7144364,0.01909257,0.03360919,0.698776,0.7142956,0.02439499,0.04007749,0.6984476,0.7141216
T31.5127194449306,23.34238,12.4314,30.12897,0.1332092,2.793612,0.6509019,0.1806335,2.758874,0.1021084,0.2145691,3.519229,0.134829,---,-0.1666356,-0.1546578,-0.2741863,0.9344172,-0.001023642,0.02438264,0.005706804,0.9996859,-0.00155434,0.02407475,0.0009287504,0.9997085,-0.001835339,0.03070837,0.001233541,0.999526,---,-0.1666356,-0.1546578,-0.2741863,0.9344172,-0.001023642,0.02438264,0.005706804,0.9996859,-0.00155434,0.02407475,0.0009287504,0.9997085,-0.001835339,0.03070837,0.001233541,0.999526
T39.2179418429732,14.20819,39.79926,20.54029,12.29997,3.215097,3.827271,2.559371,1.592133,4.534088,2.694582,1.562913,4.570709,---,-0.1746439,-0.311616,0.1249367,0.9256273,0.1060982,0.03145235,-0.03619144,0.9931989,0.02176379,0.01476253,-0.03985344,0.9988594,0.02294791,0.01456146,-0.04018201,0.9988227,---,0.5310255,-0.3086893,-0.1320022,0.7780092,0.7773206,0.04783139,-0.00335104,0.627275,0.7216896,0.03861933,-0.01774195,0.6909109,0.7225009,0.03870947,-0.01811646,0.6900477
T45.0952810384333,32.24911,8.935944,41.80371,0.05820423,4.262267,0.7896397,0.171051,1.478573,0.2446823,0.1849976,1.230356,0.3402146,---,-0.2319622,-0.1686952,-0.361903,0.8869959,0.0007638126,0.03718234,0.006867198,0.9992847,-0.001465027,0.01290577,0.002154334,0.9999133,-0.001582303,0.0107414,0.002986085,0.9999366,---,-0.2319622,-0.1686952,-0.361903,0.8869959,0.0007638126,0.03718234,0.006867198,0.9992847,-0.001465027,0.01290577,0.002154334,0.9999133,-0.001582303,0.0107414,0.002986085,0.9999366
T51.8822182528675,19.99469,38.75092,57.85751,5.880859,11.02559,0.4083937,3.131256,9.332623,3.615417,3.241394,5.912175,3.455383,---,0.3013769,-0.2067327,-0.3989897,0.8409761,-0.05071805,0.09612294,0.008470772,0.9940404,-0.02978321,0.08042263,-0.02920729,0.9958876,-0.02978659,0.05067493,-0.02863937,0.99786,---,-0.06902268,0.4484777,-0.495234,0.740842,-0.02987334,0.7708619,0.04185282,0.6349235,-0.04171259,0.7610663,0.0004072389,0.6473315,-0.04131339,0.7414262,0.0008112043,0.669761
T58.8860103674233,56.27426,13.36768,33.87109,0.1261902,4.240245,0.7276801,0.1763916,3.130551,0.1087735,0.2809143,3.593637,0.1063276,---,-0.4181688,-0.2346215,-0.3076327,0.8218575,-0.000865582,0.0370009,0.006386555,0.9992945,-0.001512904,0.02731723,0.0009909221,0.9996252,-0.00242124,0.03135743,0.001004293,0.9995048,---,-0.4181688,-0.2346215,-0.3076327,0.8218575,-0.0008655821,0.0370009,0.006386556,0.9992946,-0.001512904,0.02731723,0.0009909221,0.9996252,-0.00242124,0.03135743,0.001004293,0.9995048
T67.4228290915489,61.57727,27.47702,45.99509,11.38586,5.182037,6.626465,4.031106,0.4266348,2.727081,3.955111,0.3059672,6.468475,---,-0.5374176,0.00645842,0.2141223,0.8156545,0.1015297,-0.03918117,-0.05297378,0.9926481,0.03507204,0.004556645,-0.02391208,0.9990883,0.03430237,0.004611091,-0.05647623,0.9978039,---,0.1220783,-0.5018017,0.2193917,0.8277435,0.7397431,-0.2321245,0.2358793,0.5858834,0.6808354,-0.2422629,0.2671973,0.6374776,0.6882905,-0.2208144,0.2454034,0.6459678
T73.8617739155889,55.57599,0.7139461,62.50232,0.05969238,4.038286,0.8670352,0.1941833,3.595519,0.3901448,0.2609253,4.113898,0.3323242,---,-0.4014078,-0.2371441,-0.456471,0.7578052,-0.0002539514,0.03523633,0.00757989,0.9993503,-0.001586961,0.03137721,0.003456131,0.9995004,-0.00217145,0.03589917,0.002979924,0.9993486,---,-0.4014078,-0.2371441,-0.456471,0.7578052,-0.0002539514,0.03523633,0.00757989,0.9993503,-0.001586961,0.03137721,0.003456131,0.9995004,-0.00217145,0.03589917,0.002979924,0.9993486
T81.7016052044928,61.99716,5.007593,70.48798,5.761342,138.4462,13.54535,4.878479,69.38925,2.6427,0.9474182,4.216945,0.9325846,---,-0.4418226,-0.2663291,-0.4757969,0.7123755,-0.09241912,0.9293737,-0.08844054,0.3462681,-0.0480972,0.5677285,0.005276333,0.8217927,-0.007962298,0.03685624,0.008436625,0.9992533,---,-0.4418226,-0.2663291,-0.4757969,0.7123755,-0.09241912,0.9293737,-0.08844054,0.3462681,-0.0480972,0.5677285,0.005276333,0.8217927,-0.007962298,0.03685624,0.008436625,0.9992533
T90.4521398879588,2.210208,68.68544,71.02893,44.13649,174.5177,168.6736,69.44388,165.9722,161.2559,7.027067,1.849783,0.7077637,---,-0.3146918,0.4683592,-0.4884102,0.6656307,0.9229317,0.07346646,0.007070807,0.3778226,0.8162125,0.06421982,0.006964704,0.5741295,0.06117564,0.01648951,-0.007153037,0.9979652,---,-0.5537006,0.1086593,0.1253138,0.8160302,0.6006627,0.70456,0.2721608,0.2621611,0.5317391,0.6225597,0.4108956,0.401046,0.03159787,0.05491755,0.70061,0.7107259
T98.505629029125,75.76733,6.737199,78.7171,9.244894,147.7755,11.99997,2.013458,141.6164,5.940399,1.503113,5.962471,0.2654447,---,-0.5033771,-0.3528888,-0.4717625,0.6320769,-0.077853,0.9546869,-0.1059141,0.2670093,-0.05469714,0.9427098,-0.0004599123,0.3290991,-0.0129784,0.05203464,0.002995287,0.9985565,---,-0.5033771,-0.3528888,-0.4717625,0.6320769,-0.07785301,0.9546871,-0.1059141,0.2670093,-0.05469714,0.9427098,-0.0004599123,0.3290991,-0.0129784,0.05203464,0.002995287,0.9985565
T105.434032544494,17.4393,93.61835,67.51445,63.76209,18.93212,164.0756,1.25473,2.531026,57.32349,0.6106262,1.847454,13.47174,---,-0.4867137,-0.5414926,0.2840321,0.623876,-0.06614304,0.5352882,-0.8415413,0.02999686,-0.02019786,0.01412771,-0.4792799,0.877316,-0.007182034,0.01538495,-0.1171904,0.9929643,---,0.09698842,-0.5837342,-0.1820521,0.7853056,-0.02555922,0.9735656,-0.2165537,0.06798118,0.606074,0.3488919,-0.3289123,0.6346381,0.6970534,0.09374491,-0.07198731,0.7072103
T111.944613050669,62.65955,36.04502,117.3715,8.974817,147.287,11.83942,4.634094,86.26057,4.039856,1.832275,16.73536,0.7980444,---,-0.4827624,-0.2850704,-0.6103432,0.5596041,-0.07674133,0.9537581,-0.1036282,0.2715097,-0.05356424,0.6816363,0.001920167,0.7297255,-0.01480494,0.145613,0.0092159,0.989188,---,-0.4827624,-0.2850704,-0.6103432,0.5596041,-0.07674134,0.9537582,-0.1036282,0.2715098,-0.05356423,0.6816362,0.001920166,0.7297254,-0.01480494,0.145613,0.0092159,0.989188
T120.549660369754,14.87007,81.44458,123.5291,9.046661,122.3009,16.07999,0.6609038,118.5314,7.964752,2.831787,24.66009,5.405457,---,0.6163302,-0.2196477,-0.6221481,0.4299113,-0.1598033,0.8592567,0.001122107,0.4859421,-0.05675384,0.8576616,-0.04043759,0.5094708,-0.03417896,0.2121018,-0.04078169,0.9757979,---,-0.004113885,0.1486788,-0.8757364,0.4593076,-0.1122046,0.9511993,0.1137915,-0.2639733,-0.06872471,0.9667085,0.01153733,-0.2462081,-0.05300518,0.8399719,-0.004668833,0.5400147
T126.784861415625,53.75793,81.36227,157.4648,7.074099,137.9409,14.20801,3.357178,108.0177,4.471558,1.915131,27.95939,0.4593804,---,-0.6372097,-0.2226409,-0.6057988,0.4211921,-0.09324495,0.9272037,-0.1014374,0.3482945,-0.04875217,0.8074732,0.0007670922,0.5878857,-0.01524846,0.2416074,0.007926752,0.9702219,---,-0.6372097,-0.2226409,-0.6057988,0.4211921,-0.09324495,0.9272038,-0.1014374,0.3482946,-0.04875217,0.8074732,0.0007670922,0.5878857,-0.01524846,0.2416074,0.007926752,0.9702219
T133.641220021993,40.97818,138.6181,156.174,41.58707,39.97775,18.2952,2.95013,0.8816328,30.58698,2.698744,0.9831926,26.64719,---,-0.8829749,-0.05988407,0.2562519,0.3887213,0.380178,-0.2624704,-0.01986074,0.8866677,0.02280094,0.01420828,-0.2638594,0.964187,0.02093744,0.01377325,-0.2305748,0.9727318,---,-0.3760234,-0.5506443,-0.00546061,0.7452298,0.9040051,-0.2955475,0.1583643,0.2652307,0.7123361,-0.0730808,0.1039846,0.6902347,0.7078118,-0.09792569,0.1272526,0.6879098
T138.122625250369,50.86676,79.58971,172.8405,18.608,58.67254,16.39053,3.976868,40.88467,0.684845,1.789856,22.48058,1.093159,---,-0.5974863,-0.2932392,-0.6753612,0.3176605,-0.2084205,0.4584611,-0.04423187,0.8627965,-0.03459817,0.3488536,0.006521931,0.9365157,-0.01345932,0.1950376,0.0123997,0.980625,---,-0.5974863,-0.2932392,-0.6753612,0.3176605,-0.2084205,0.4584611,-0.04423187,0.8627965,-0.03459817,0.3488536,0.006521931,0.9365157,-0.01345932,0.1950376,0.0123997,0.980625
T145.26498606056,44.77039,85.54911,175.0915,0.4518555,0.7729197,0.5246636,0.1698608,1.571822,0.1362345,0.4373779,8.271337,0.1110229,---,-0.6153938,-0.3061755,-0.6891707,0.2293272,0.003973923,0.006726768,0.004551802,0.9999592,-0.001465893,0.01371804,0.001209089,0.9999041,-0.003876696,0.07211411,-0.0006910917,0.9973887,---,-0.6153938,-0.3061755,-0.6891707,0.2293272,0.003973923,0.006726769,0.004551802,0.9999593,-0.001465893,0.01371804,0.001209089,0.9999041,-0.003876696,0.07211411,-0.0006910917,0.9973887
