T2.92378823366016,0.7301784,0.6649882,0.8655481,0.02050781,0.03948021,0.003643883,0.07539282,0.1451131,0.1078186,0.02977065,0.137386,0.1242981,---,0.006415507,0.005754673,0.007516004,0.9999347,-0.0001789897,0.0003445355,3.186055E-05,1,0.0006567342,0.001266969,-0.0009416172,0.9999986,0.000258497,0.0011992,-0.001085116,0.9999987,---,0.006415507,0.005754673,0.007516004,0.9999347,-0.0001789897,0.0003445355,3.186055E-05,1,0.0006567342,0.001266969,-0.0009416172,0.9999986,0.000258497,0.0011992,-0.001085116,0.9999987
T13.9894109135494,0.3154912,1.399711,6.641174,0.338501,3.781103,0.04174805,0.1061707,3.176331,0.1676418,0.1489563,3.026889,0.1260581,---,0.002040857,0.01235339,-0.05795165,0.9982409,-0.002964346,0.03298914,-0.0002667145,0.9994513,-0.0008854924,0.02771648,0.001488063,0.9996144,-0.001270447,0.02641291,0.001134013,0.9996497,---,0.002040857,0.01235339,-0.05795165,0.9982409,-0.002964346,0.03298914,-0.0002667145,0.9994514,-0.0008854924,0.02771648,0.001488063,0.9996143,-0.001270447,0.02641291,0.001134013,0.9996497
T21.326465128921,2.399605,0.07189941,9.777191,2.624352,0.2647603,2.067719,2.431298,1.013277,2.12793,1.64665,0.9455845,2.274628,---,0.02091627,0.001159254,-0.08518687,0.9961448,0.02285432,0.002722671,-0.01809137,0.9995714,0.02104684,0.009232811,-0.0187513,0.9995601,0.01420215,0.008534409,-0.01996433,0.9996634,---,0.01397032,0.01560975,0.6441445,0.764617,0.01423523,0.01808567,0.6940112,0.7195963,0.00835378,0.02141095,0.6935365,0.7200549,0.0040077,0.01607718,0.6927519,0.7209857
T27.8357076076791,0.6740265,0.2669373,2.674988,0.3376465,3.024158,0.5524408,0.1516447,1.07663,0.2504272,0.03070068,0.5655518,0.4096325,---,0.005934713,-0.00219155,-0.02332748,0.9997079,-0.002818331,0.02640148,0.00489699,0.9996355,0.001343819,-0.00939219,-0.002172792,0.9999527,-0.0002856058,-0.004934456,0.003573344,0.9999814,---,0.005934713,-0.00219155,-0.02332748,0.9997079,-0.002818331,0.02640148,0.00489699,0.9996355,0.001343818,-0.009392189,-0.002172792,0.9999526,-0.0002856058,-0.004934456,0.003573344,0.9999814
T34.4857166325673,8.631775,4.909241,8.724426,9.799769,2.517477,2.579834,0.7462966,1.061229,9.051483,0.7923236,0.9393874,9.672882,---,-0.07172003,-0.04830163,-0.07898974,0.9931182,0.08487996,0.02380388,-0.02429954,0.9958104,0.005761306,0.009745632,-0.07896211,0.9968134,0.006198284,0.00875116,-0.08436336,0.9963773,---,0.6515269,0.02169977,-0.09000859,0.7529544,0.7641635,0.03401425,-0.0003504865,0.6441251,0.7089273,0.06272584,-0.04894344,0.7007796,0.708928,0.06584191,-0.0534659,0.7001624
T40.5754468915984,13.44736,8.182186,14.60837,0.1094971,2.185341,0.1920848,0.02163696,3.143555,0.0001084099,0.08074951,3.783029,0.1033325,---,-0.1248429,0.05542937,-0.1176557,0.9836153,-0.0009234817,0.01907111,0.001694173,0.9998162,-0.0001886875,0.02742925,6.123915E-06,0.9996238,-0.0007339449,0.0330065,-0.0008779791,0.9994545,---,-0.1248429,0.05542937,-0.1176557,0.9836153,-0.0009234818,0.01907111,0.001694173,0.9998164,-0.0001886875,0.02742925,6.123915E-06,0.9996238,-0.0007339449,0.0330065,-0.0008779791,0.9994545
T52.6856301678345,15.75328,9.411598,13.88638,3.928894,10.39922,0.4320748,2.488495,10.8715,3.482544,2.63681,10.73392,3.527863,---,0.1257534,0.09717976,-0.1305013,0.9786274,-0.03379655,0.09070066,0.006859406,0.9952809,-0.02448466,0.09400656,-0.02818643,0.9948713,-0.02577521,0.09276003,-0.02848739,0.9949471,---,-0.003357338,0.7607105,-0.1811994,0.6232776,-0.01904743,0.7679049,0.0287481,0.6396348,-0.03724409,0.7699529,-0.002617546,0.6370075,-0.03836945,0.769125,-0.001917803,0.6379426
T59.2681997669861,5.189606,15.74763,26.62299,0.2015686,1.834984,0.3986371,0.02850474,3.527133,0.08574461,0.06802368,5.213163,0.182373,---,-0.07515,0.1228491,-0.2218052,0.9643978,-0.001703169,0.01601857,0.003506474,0.9998641,0.0002716608,0.03077499,0.000740253,0.999526,-0.0006653383,0.04547673,-0.001562857,0.998964,---,-0.07515,0.1228491,-0.2218052,0.9643978,-0.001703169,0.01601857,0.003506474,0.9998641,0.0002716608,0.03077499,0.000740253,0.999526,-0.0006653383,0.04547673,-0.001562857,0.998964
T65.7750563723966,22.91019,4.003143,9.696381,9.926828,5.06192,5.136169,3.157716,0.2127455,3.295319,3.177428,0.0757667,0.03207397,---,-0.1948753,-0.05088337,-0.08969354,0.975392,0.0883196,-0.04007651,-0.0407781,0.9944499,0.02748798,0.002647312,-0.02879341,0.9992039,0.02772455,0.0006686965,-0.000298174,0.9996154,---,0.5479369,-0.2913181,0.11937,0.775016,0.7292324,-0.2447388,0.2401745,0.592148,0.6777939,-0.2424048,0.2607401,0.6433118,0.6710418,-0.2623601,0.2782382,0.6351799
T70.8910775920376,13.07986,9.263001,24.81253,0.06995951,2.814286,0.4556649,0.2336426,4.294703,0.105004,0.04101563,2.585874,0.06265259,---,-0.1281078,0.05395854,-0.2037652,0.969101,0.0007079709,0.02455418,0.003960224,0.9996904,-0.002003134,0.03747136,0.0009920837,0.9992952,-0.0003702022,0.0225639,-0.0005384828,0.9997452,---,-0.1281078,0.05395854,-0.2037652,0.969101,0.0007079709,0.02455418,0.003960224,0.9996904,-0.002003134,0.03747136,0.0009920837,0.9992952,-0.0003702022,0.0225639,-0.0005384828,0.9997452
T78.165494020097,14.91467,10.26368,25.44241,7.697794,138.8712,13.47025,3.772064,38.24921,0.6404114,0.7207031,3.611187,0.6609557,---,-0.1456251,0.05804846,-0.2061452,0.9658819,-0.08614274,0.9304848,-0.103517,0.3406785,-0.0329246,0.3272673,0.005505048,0.944342,-0.006104314,0.03154344,0.005963077,0.9994659,---,-0.1456251,0.05804846,-0.2061452,0.9658819,-0.08614274,0.9304848,-0.103517,0.3406785,-0.0329246,0.3272673,0.005505048,0.944342,-0.006104314,0.03154344,0.005963077,0.9994659
T84.8835822371766,9.892776,20.73075,30.52951,43.60314,178.2783,169.9684,80.92007,152.7971,148.4109,1.111749,1.229665,1.404419,---,0.03462995,0.1952609,-0.2729849,0.9413571,0.9253036,0.07560942,-0.01857101,0.371149,0.7531363,0.05444728,0.0004984708,0.6556073,0.009568891,0.01084823,-0.01235843,0.999819,---,-0.1135833,0.1625574,0.4726105,0.8586695,0.6008245,0.7077524,0.2493103,0.2755736,0.4940478,0.5710478,0.4639369,0.463232,-0.0009046296,0.01443709,0.6982401,0.7157176
T90.5536651527509,21.9212,10.23034,36.26007,9.695498,148.5526,10.95657,1.874542,130.189,5.438293,0.1105042,0.2874756,0.5187072,---,-0.2072122,0.02425672,-0.2881713,0.9345759,-0.06877029,0.9569418,-0.1067537,0.2610303,-0.04990353,0.9055344,-0.00515577,0.4212961,-0.0009755986,-0.002504296,0.004524123,0.9999862,---,-0.2072122,0.02425672,-0.2881713,0.9345759,-0.06877029,0.9569418,-0.1067537,0.2610303,-0.04990353,0.9055344,-0.00515577,0.4212961,-0.0009755986,-0.002504296,0.004524123,0.9999862
T97.9098553759977,22.44507,36.0018,2.660889,62.84871,13.57336,32.14232,1.28937,0.9458985,25.48923,1.752225,1.469913,6.701019,---,-0.1780059,-0.3073387,-0.08178736,0.9312184,0.5254018,-0.04642117,0.1753685,0.8312905,0.009153199,0.01053264,-0.2206748,0.9752476,0.01451348,0.0136972,-0.05862814,0.9980804,---,0.5326017,-0.1594889,-0.2751536,0.78434,0.9593263,-0.156829,0.09117952,0.216296,0.6960765,0.1634884,-0.1485929,0.6831319,0.716012,0.05114174,-0.03177097,0.6954868
T104.833652301691,12.26328,11.22447,43.8927,7.946818,142.3592,12.51837,3.108917,107.911,4.322479,0.6534424,5.126871,0.1902743,---,-0.1349388,0.05046084,-0.3601301,0.9217113,-0.08072805,0.9410676,-0.1002854,0.3127583,-0.04643168,0.807086,-0.0002637775,0.5886054,-0.005622476,0.04473414,0.001913812,0.9989813,---,-0.1349388,0.05046084,-0.3601301,0.9217113,-0.08072805,0.9410676,-0.1002854,0.3127583,-0.04643168,0.8070859,-0.0002637774,0.5886053,-0.005622476,0.04473414,0.001913812,0.9989813
T113.303371584974,45.95493,2.796605,22.21274,8.957458,121.2248,12.33057,1.614929,120.3281,6.818298,4.299927,10.89419,4.021759,---,0.3786161,0.09722041,-0.1866421,0.9013116,-0.131389,0.8595198,0.01510652,0.4936948,-0.05857758,0.8654153,-0.01737955,0.4973158,-0.04065118,0.0934909,-0.03134733,0.9942959,---,0.1357462,0.7060689,-0.399698,0.5685784,-0.08222415,0.9568671,0.103588,-0.2586773,-0.05370981,0.9635964,0.02913141,-0.2602856,-0.05091064,0.7691814,0.006578819,0.6369653
T119.96594589483,14.23471,23.99177,71.25232,8.98854,144.0017,12.4375,2.428711,106.7703,3.706757,0.4478149,13.43329,0.569474,---,-0.2186462,0.09704281,-0.5444515,0.8039584,-0.07863568,0.9451804,-0.1074557,0.2981674,-0.03858737,0.8016539,-0.002283609,0.5965375,-0.003299844,0.1169762,0.005392497,0.9931147,---,-0.2186462,0.09704281,-0.5444515,0.8039584,-0.07863568,0.9451804,-0.1074557,0.2981674,-0.03858737,0.8016539,-0.002283609,0.5965375,-0.003299844,0.1169762,0.005392497,0.9931147
T127.585470399819,67.51544,14.24063,13.62799,39.68312,40.31653,10.4259,0.2434332,2.277694,36.80698,0.4953853,1.525392,18,---,-0.5352752,-0.1677477,-0.1662737,0.8109835,0.3467631,-0.2938658,0.03625651,0.8899909,-0.004259451,0.01952933,-0.3156838,0.9486539,0.002187131,0.01382337,-0.156476,0.9875826,---,0.2705006,-0.365258,-0.1436039,0.879087,0.877657,-0.3626591,0.1663719,0.2655502,0.6970943,-0.03886799,0.0620791,0.7132287,0.6851998,-0.1553927,0.1746375,0.6898233
T134.232728677802,18.56369,34.61619,70.59698,3.961815,125.1366,16.82764,3.593719,95.88761,4.128265,1.19812,14.89365,0.7053285,---,-0.2953385,0.1506546,-0.5052842,0.7967222,-0.1140385,0.8798133,-0.09771833,0.4509711,-0.04772041,0.7408851,-0.000848879,0.6699339,-0.009569199,0.1296603,0.007457906,0.9914843,---,-0.2953385,0.1506546,-0.5052842,0.7967222,-0.1140385,0.8798133,-0.09771833,0.4509711,-0.0477204,0.740885,-0.000848879,0.6699339,-0.009569199,0.1296603,0.007457906,0.9914843
T144.606352067553,12.14825,38.66968,75.85901,0.005528885,0.2705306,0.2037659,0.08280069,1.580421,0.3058777,0.01986747,2.32707,0.3875427,---,-0.2811308,0.1983103,-0.5491327,0.7616376,-5.24465E-05,0.002360733,-0.00177811,0.9999956,0.0006856869,0.01379321,-0.002679072,0.9999011,0.0001046664,0.02030659,-0.003384722,0.999788,---,-0.2811308,0.1983103,-0.5491327,0.7616376,-5.24465E-05,0.002360733,-0.00177811,0.9999956,0.0006856869,0.01379321,-0.002679072,0.9999011,0.0001046664,0.02030659,-0.003384722,0.999788
