T4.72120435349643,3.038879,0.3635559,3.01236,0.08209229,0.05169678,0.15979,0.004378777,0.07182615,0.4111023,0.005410226,0.04901069,0.3447266,---,-0.02642342,-0.003867487,-0.02635946,0.9992958,-0.0007157447,-0.0004521329,-0.001394707,0.9999987,-4.046038E-05,0.0006266601,-0.003587384,0.9999934,4.592631E-05,0.000427839,-0.003008208,0.9999954,---,-0.02642342,-0.003867487,-0.02635946,0.9992958,-0.0007157447,-0.0004521329,-0.001394707,0.9999987,-4.046038E-05,0.0006266601,-0.003587384,0.9999934,4.592631E-05,0.000427839,-0.003008208,0.9999954
T14.3240656489506,9.56427,0.5075851,8.788696,0.540741,5.452812,0.1952344,0.1310425,4.556692,0.1362915,0.1661072,4.491481,0.1433411,---,-0.08345933,-0.001986473,-0.07598508,0.9936081,-0.004632536,0.04757423,0.001926257,0.9988551,-0.001189971,0.03975274,-0.00114293,0.9992082,-0.001497346,0.03918364,-0.001193189,0.9992302,---,-0.08345933,-0.001986473,-0.07598508,0.9936081,-0.004632536,0.04757423,0.001926257,0.9988551,-0.001189971,0.03975274,-0.00114293,0.9992082,-0.001497346,0.03918364,-0.001193189,0.9992302
T22.7290844367817,3.918427,14.18321,15.82782,3.360845,0.09063721,0.06340027,2.246191,1.097686,0.01570363,1.809158,0.9918031,0.09214076,---,-0.05059157,0.1175376,-0.1323714,0.9829056,0.02932425,-0.0008069607,0.0005762317,0.9995695,0.01960087,0.009574448,-5.074481E-05,0.9997621,0.01579359,0.008641231,0.000667311,0.9998378,---,-0.1188853,0.047338,0.6014185,0.7886199,0.02130598,0.02016477,0.7072099,0.706395,0.00708975,0.02063006,0.7069027,0.7069744,0.00505748,0.01727803,0.7074639,0.7065202
T30.8445765310898,18.29053,7.655731,22.51529,0.3421631,4.207655,0.2775269,0.2650452,5.486482,0.2994995,0.2020264,5.427735,0.3287964,---,-0.1426651,-0.09560136,-0.2027162,0.9640608,-0.003072785,0.03670297,-0.002310743,0.9993189,-0.002435316,0.04785397,-0.002499932,0.9988483,-0.001896944,0.04734289,-0.002782529,0.9988731,---,-0.1426651,-0.09560136,-0.2027162,0.9640608,-0.003072785,0.03670297,-0.002310743,0.9993189,-0.002435316,0.04785397,-0.002499932,0.9988483,-0.001896944,0.04734289,-0.002782529,0.9988731
T37.9181410009041,21.59482,26.70206,8.303269,7.980525,2.680733,3.994446,1.659668,0.5136714,8.084351,1.783569,1.106583,8.073303,---,-0.1982172,-0.2130371,0.02604693,0.9563717,0.06871238,0.02574531,-0.03638386,0.9966404,-0.01476273,0.003450088,-0.07041794,0.9974024,-0.01620441,0.008535915,-0.07023273,0.9973625,---,0.5360962,-0.1690579,-0.132222,0.8164176,0.7533183,0.04393196,-0.007522587,0.6561443,0.6948311,0.05223258,-0.04735342,0.7157088,0.6937835,0.05569784,-0.04362623,0.7167
T44.4638975309208,25.55411,4.205363,33.99673,0.03746052,3.499349,0.04483032,0.4925232,4.572543,0.4283447,0.5089722,4.61173,0.6693726,---,-0.2218144,-0.03039199,-0.2771535,0.9343771,0.000314811,0.03053296,-0.0004008928,0.9995337,-0.004443633,0.03987567,-0.003563625,0.9991884,-0.004672844,0.04020707,-0.005657892,0.9991644,---,-0.2218144,-0.03039199,-0.2771535,0.9343771,0.000314811,0.03053296,-0.0004008928,0.9995336,-0.004443633,0.03987567,-0.003563625,0.9991884,-0.004672844,0.04020707,-0.005657892,0.9991644
T52.5153324557468,30.61334,7.335297,36.95529,5.419739,11.35531,0.458404,3.111267,10.37091,3.199493,3.129211,10.30904,3.161774,---,0.2694182,0.02497572,-0.2890495,0.9182813,-0.04665092,0.09900848,0.008653553,0.9939548,-0.02954812,0.08955649,-0.02534,0.9952208,-0.02966103,0.08902418,-0.02501428,0.9952735,---,-0.01388145,0.6669834,-0.3948962,0.6316624,-0.0268682,0.7728417,0.03910617,0.6328226,-0.03881176,0.7670534,0.002975591,0.6404014,-0.03866128,0.7667142,0.003285747,0.640815
T60.0055647259578,33.53308,12.65259,38.00687,0.0994873,3.897907,0.03149414,0.09207153,2.93522,0.3399048,0.1059265,3.019591,0.4490051,---,-0.3054452,0.006394004,-0.2798288,0.9101419,-0.0008771628,0.03400885,-0.0002450295,0.9994212,-0.0008792364,0.02560932,-0.002944598,0.9996673,-0.001027305,0.02634402,-0.003892477,0.9996449,---,-0.3054452,0.006394004,-0.2798288,0.9101419,-0.0008771628,0.03400885,-0.0002450295,0.9994212,-0.0008792364,0.02560932,-0.002944598,0.9996673,-0.001027305,0.02634402,-0.003892477,0.9996449
T68.616546115838,52.14319,10.06294,17.09149,9.25976,4.992126,4.390533,1.76778,0.5519959,8.697449,1.830936,0.6438725,8.847076,---,-0.4446461,0.0128474,-0.09484713,0.8905779,0.08224575,-0.04028783,-0.03463119,0.9951951,0.01501637,0.005972317,-0.0758909,0.9969852,0.01549609,0.006833647,-0.07720695,0.9968712,---,0.3135079,-0.2909542,0.06709935,0.901419,0.7241451,-0.2507377,0.2426102,0.5948822,0.6800417,-0.2122391,0.2281692,0.6636541,0.6804037,-0.210656,0.2279711,0.6638554
T76.8067564209923,34.69424,31.66987,54.94003,0.02993774,3.636508,0.2581456,0.1664429,2.961241,0.04191903,0.1317749,2.970606,0.1433477,---,-0.3746484,0.09877268,-0.3514096,0.8522874,-0.0001895444,0.03172969,0.002259895,0.999494,-0.001442424,0.02583933,0.0004032173,0.999665,-0.001117193,0.02592192,0.001280332,0.9996625,---,-0.3746484,0.09877268,-0.3514096,0.8522874,-0.0001895444,0.03172969,0.002259895,0.999494,-0.001442424,0.02583933,0.0004032173,0.999665,-0.001117193,0.02592192,0.001280332,0.9996625
T90.5942892245948,40.28293,46.22765,71.06354,8.156052,148.4865,10.98996,3.100372,106.391,4.658752,0.9563599,9.853388,0.2219997,---,-0.4719125,0.1158749,-0.3918125,0.781252,-0.07270423,0.9574243,-0.09406587,0.2630674,-0.04872457,0.799071,-0.002697653,0.5992531,-0.008148571,0.08589407,0.002646832,0.9962674,---,-0.4719125,0.1158749,-0.3918125,0.781252,-0.07270423,0.9574243,-0.09406587,0.2630674,-0.04872457,0.799071,-0.002697653,0.5992531,-0.008148571,0.08589407,0.002646832,0.9962674
T96.484764739871,33.54023,56.07788,38.98663,42.37753,178.4498,172.279,48.4573,174.6441,171.1146,10.81683,1.92179,0.028701,---,0.08987931,0.5092627,-0.4098606,0.7513904,0.9305231,0.0578917,-0.01174848,0.3614378,0.9096674,0.05144533,0.01072435,0.4119996,0.09424545,0.01667173,-0.001331335,0.9954085,---,-0.2965488,0.4236574,0.241498,0.8211285,0.6170435,0.6989147,0.2472677,0.2638825,0.6068546,0.6796093,0.2989109,0.2837444,0.0548529,0.07843029,0.7029187,0.7048015
T101.867909828201,48.91846,49.21645,75.18509,8.524501,145.3916,12.4631,1.446198,134.6952,5.278809,0.7171326,8.129483,0.1437378,---,-0.5295107,0.07069577,-0.3682458,0.7609308,-0.08137129,0.9488725,-0.102736,0.2871673,-0.04734961,0.921582,-0.006100188,0.3852369,-0.006331325,0.07087436,-0.0008074787,0.9974648,---,-0.5295107,0.07069577,-0.3682458,0.7609308,-0.08137129,0.9488725,-0.102736,0.2871673,-0.04734961,0.921582,-0.006100188,0.3852369,-0.006331325,0.07087436,-0.0008074787,0.9974648
T108.168621422723,62.05856,82.19931,33.21989,63.20697,11.58273,30.44699,1.29837,2.836975,152.9776,0.776523,1.481232,18.41251,---,-0.5332602,-0.4287597,-0.1401329,0.7156547,-0.5256346,0.05397635,-0.1714776,-0.8314988,-0.02671441,-0.005229961,-0.9718983,0.2338218,0.004620601,0.01384309,-0.1600583,0.9869998,---,0.1289724,-0.20409,-0.4022678,0.8831162,-0.9596382,0.15942,-0.08308592,-0.2162786,0.1464471,0.6835377,-0.690934,0.1842269,0.7011815,0.1229669,-0.1033898,0.694647
T113.904245136306,36.13229,65.14919,93.69849,9.954458,151.1589,11.39133,1.161713,153.7838,6.161804,1.821808,20.71603,0.3914185,---,-0.5521559,0.1594114,-0.4702906,0.6697303,-0.0742555,0.9622229,-0.1082339,0.2385346,-0.05463869,0.9723626,-0.002329033,0.2269804,-0.0162524,0.1797212,-0.0005013864,0.9835832,---,-0.5521559,0.1594114,-0.4702906,0.6697303,-0.0742555,0.9622229,-0.1082339,0.2385346,-0.05463869,0.9723626,-0.002329033,0.2269804,-0.0162524,0.1797212,-0.0005013864,0.9835832
T122.586057441309,67.27868,29.86734,104.4483,6.95575,123.6398,13.11093,0.5616788,128.2127,6.313568,2.274658,39.48706,5.304718,---,0.4974625,0.2916454,-0.5483765,0.6056049,-0.1289079,0.8708212,-0.0006916192,0.4743974,-0.04740199,0.8983483,-0.02845095,0.4357912,-0.03429139,0.3365176,-0.03684886,0.9403309,---,-0.03600163,0.6344517,-0.7395198,0.2220029,-0.09164071,0.9512132,0.09066261,-0.2803139,-0.05363612,0.943379,0.01340041,-0.3270772,-0.05030375,0.9028682,-0.001808403,0.4269605
T129.654783235863,28.08356,79.20967,95.41327,0.8149719,151.0741,6.672699,2.147766,139.9041,5.274719,1.834076,35.75586,0.4103088,---,-0.5832602,0.2778867,-0.4488022,0.6173841,-0.05812492,0.9665402,-0.007659887,0.2497255,-0.04963651,0.9379507,0.001816085,0.3431929,-0.01633076,0.3068943,0.001505849,0.9516023,---,-0.5832602,0.2778867,-0.4488022,0.6173841,-0.05812492,0.9665402,-0.007659887,0.2497255,-0.04963651,0.9379507,0.001816085,0.3431929,-0.01633076,0.3068943,0.001505849,0.9516023
T135.746606221423,54.62231,97.8776,118.7579,41.04644,41.44858,18.53424,0.6291059,1.113049,104.8392,2.401246,0.2090952,38.22696,---,-0.7300477,0.08189023,-0.3260413,0.594997,-0.3769918,0.2742811,0.01861446,-0.8844776,0.004349427,-0.01027421,0.7924817,-0.6097937,0.01920079,0.008584665,-0.3274039,0.9446504,---,-0.02215927,-0.0920604,-0.1960438,0.9760126,-0.9033516,0.304347,-0.1500079,-0.2623481,-0.6071893,-0.3582396,0.3471696,-0.6184325,0.715938,-0.03092978,0.05253758,0.695497
T141.698598532006,25.05505,86.69122,103.6871,7.345854,145.6501,11.81723,1.971039,125.5965,5.196838,1.836914,37.18392,0.2561951,---,-0.6243371,0.2899314,-0.46624,0.5556647,0.07933356,-0.950327,0.0912144,-0.2868182,0.04816972,-0.888,0.005439179,-0.4572813,-0.01590562,0.3187506,0.002991925,0.9477004,---,-0.6243371,0.2899314,-0.46624,0.5556647,0.07933355,-0.950327,0.09121439,-0.2868182,0.04816972,-0.888,0.005439179,-0.4572813,-0.01590562,0.3187506,0.002991925,0.9477004
T150.730166530237,27.66885,90.83134,113.223,0.2456291,0.01693726,0.02538769,0.04105832,2.127364,0.4067078,0.06543415,2.562451,0.3322449,---,-0.6697915,0.2404252,-0.4753832,0.5172871,-0.002143484,0.0001483186,-0.0002218657,-0.9999977,-0.0002923514,-0.01856484,0.003555225,-0.9998213,0.0005060454,0.0223613,-0.002911457,0.9997456,---,-0.6697915,0.2404252,-0.4753832,0.5172871,-0.002143484,0.0001483186,-0.0002218657,-0.9999976,-0.0002923514,-0.01856484,0.003555225,-0.9998213,0.0005060454,0.0223613,-0.002911457,0.9997456
