T6.64902062062174,4.519958,2.522763,4.483337,0.05145264,0.03131329,0.03100586,0.1097233,0.02570126,0.1378035,0.1005863,0.04594421,0.07923219,---,-0.0402546,0.02043746,-0.03820723,0.9982496,-0.0004490897,0.0002731385,-0.0002705011,0.9999998,0.0009577855,0.000223134,0.001202347,0.9999988,0.0008780583,0.0004003317,0.0006910789,0.9999993,---,-0.0402546,0.02043746,-0.03820723,0.9982496,-0.0004490897,0.0002731385,-0.0002705011,0.9999998,0.0009577855,0.000223134,0.001202347,0.9999988,0.0008780583,0.0004003317,0.0006910789,0.9999993
T13.3586069094017,8.712463,3.918225,8.58432,0.994751,3.051614,1.110474,0.9393921,3.226166,1.065002,0.9257202,2.957328,1.096283,---,-0.07825121,0.02831045,-0.07199299,0.9939278,-0.008935312,0.02654087,-0.009455607,0.9995632,-0.008455568,0.02807157,-0.009059028,0.9995291,-0.008322168,0.02572541,-0.009354824,0.9995906,---,-0.07825121,0.02831045,-0.07199299,0.9939278,-0.008935312,0.02654087,-0.009455607,0.9995632,-0.008455568,0.02807157,-0.009059028,0.9995291,-0.008322168,0.02572541,-0.009354824,0.9995906
T18.6114479796961,9.407792,15.80105,31.24939,1.944103,0.1866826,1.325958,10.73347,1.924942,1.395294,7.871458,1.788194,1.488037,---,0.04132987,0.1538059,-0.2767355,0.9476567,0.01694467,0.001825064,-0.01159679,0.9997876,0.09330654,0.01786128,-0.01369182,0.995383,0.06842113,0.01645736,-0.01402407,0.9974222,---,-0.07953256,0.1379818,0.4744129,0.865776,0.01069118,0.01327221,0.6987564,0.7151567,0.05334786,0.07860753,0.6941606,0.7135237,0.03674393,0.06001815,0.6953675,0.7152005
T24.4190803663805,18.21716,8.130072,41.12466,0.07827759,2.833844,0.4439998,0.1342773,2.308224,0.4770952,0.1694031,4.196074,0.4405469,---,-0.1724314,0.01007423,-0.3354177,0.9260998,-0.0005871849,0.02472989,0.003890328,0.9996865,-0.001087648,0.02014638,0.004186183,0.9997877,-0.001336661,0.03661484,0.00389603,0.999321,---,-0.1724314,0.01007423,-0.3354177,0.9260998,-0.0005871849,0.02472989,0.003890328,0.9996865,-0.001087648,0.02014638,0.004186183,0.9997877,-0.001336661,0.03661484,0.00389603,0.999321
T29.7392372535542,23.36786,40.06256,2.08371,9.518528,3.047435,1.91568,0.0630188,1.649709,2.931946,0.1440125,1.708572,5.05661,---,-0.1841311,-0.3388397,-0.08608472,0.9186255,0.08248543,0.02788184,-0.01885897,0.9960237,-0.0009179584,0.01437715,-0.02557271,0.9995692,-0.00191313,0.01483959,-0.04408935,0.9989156,---,0.519366,-0.1787248,-0.300467,0.7797667,0.7626211,0.03305074,0.00638013,0.6459691,0.706153,0.02824881,-0.007916454,0.7074512,0.7049872,0.04166906,-0.02068271,0.7076927
T33.7319642426446,14.89615,21.82668,50.09958,0.3383881,5.426082,0.09774647,0.3358765,4.722992,0.1544459,0.3708191,5.561941,0.06316124,---,-0.1947955,0.1161768,-0.3900072,0.8924417,0.002990054,0.04733106,0.0007122628,0.9988746,-0.002873053,0.04120795,0.001467416,0.9991454,-0.003205565,0.04851956,0.0007075439,0.9988168,---,-0.1947955,0.1161768,-0.3900072,0.8924417,0.002990054,0.04733106,0.0007122628,0.9988746,-0.002873053,0.04120795,0.001467416,0.9991454,-0.003205565,0.04851956,0.0007075439,0.9988168
T37.8646403336897,46.01381,2.246232,28.93283,4.582611,9.960593,0.367316,2.826965,4.626559,3.338379,2.803772,3.894523,3.337555,---,0.3738704,0.1150882,-0.2373156,0.8891889,-0.03955096,0.08687098,0.006661562,0.9954119,-0.02581233,0.03961602,-0.0281009,0.9984862,-0.02542981,0.03324295,-0.02826506,0.9987239,---,0.09655881,0.7101312,-0.4321738,0.5473719,-0.02325631,0.7652895,0.03267718,0.6424354,-0.03812241,0.7340491,-0.001618263,0.6780236,-0.03796801,0.7297107,-0.002004825,0.6826981
T42.2710832254961,15.79962,25.21151,52.4133,0.1279103,4.022933,0.2452087,0.3501587,6.593635,0.1060037,0.4631348,7.985604,0.01132202,---,-0.2158038,0.134717,-0.399963,0.8805167,0.00104043,0.03510179,-0.002177714,0.9993808,-0.002997506,0.05751109,0.001099254,0.9983398,-0.004038616,0.06963018,0.0001828568,0.9975647,---,-0.2158038,0.134717,-0.399963,0.8805167,0.00104043,0.03510179,-0.002177714,0.9993809,-0.002997506,0.05751109,0.001099254,0.9983398,-0.004038616,0.06963018,0.0001828568,0.9975647
T47.2396448301151,61.52399,0.8652344,29.46945,7.168663,4.519318,3.64209,0.06173706,1.278278,7.847198,0.2684021,1.43706,11.82837,---,-0.4929882,-0.1363611,-0.2222863,0.8300344,0.06368791,-0.03734623,-0.02922728,0.9968425,-0.00130078,0.01109184,-0.06841584,0.9975944,-0.003621716,0.01223228,-0.1030013,0.9945995,---,0.3172354,-0.301874,-0.1430936,0.8875573,0.7108395,-0.2578138,0.2434862,0.6074156,0.6663719,-0.2183582,0.2321464,0.6740744,0.6719493,-0.1948368,0.2088589,0.6833014
T51.7177275465801,14.96939,40.23124,64.90329,0.1042302,2.984941,0.08396828,0.1229858,3.181844,0.08688354,0.2794189,5.280724,0.1398315,---,-0.2861838,0.2221057,-0.4617598,0.8096579,0.0009283565,0.0260449,0.000708822,0.9996601,-0.001093863,0.02776243,-0.0007281143,0.9996137,-0.002492116,0.04606356,-0.001106694,0.9989348,---,-0.2861838,0.2221057,-0.4617598,0.8096579,0.0009283565,0.0260449,0.000708822,0.9996601,-0.001093863,0.02776243,-0.0007281143,0.9996137,-0.002492116,0.04606356,-0.001106694,0.9989348
T59.1374123925343,14.65433,47.45914,72.88065,2.537203,153.0553,7.444214,4.367615,93.61035,3.409424,0.9535522,5.772653,0.9995033,---,-0.3310043,0.2517447,-0.4980386,0.7609325,-0.0579683,0.9705281,-0.03660531,0.2310305,-0.04774277,0.7274026,0.007420251,0.6845078,-0.007871177,0.05042342,0.009129832,0.9986553,---,-0.3310043,0.2517447,-0.4980386,0.7609325,-0.05796829,0.9705279,-0.03660531,0.2310304,-0.04774277,0.7274026,0.007420251,0.6845078,-0.007871177,0.05042342,0.009129832,0.9986553
T65.3054665001109,48.79913,27.23988,62.6268,45.35083,176.8936,169.2339,53.07004,172.5202,168.6458,5.511846,2.304585,0.2727051,---,0.231547,0.3918688,-0.5430983,0.7055984,0.919277,0.07612762,-0.01125359,0.3860152,0.89126,0.05931667,0.01397099,0.4493795,0.04802372,0.02020102,-0.003343383,0.9986363,---,-0.1133646,0.4408216,0.114905,0.8829619,0.5961967,0.7038574,0.2649965,0.2809114,0.5882728,0.6721593,0.3276383,0.3078803,0.01967362,0.04824218,0.7037784,0.7085066
T70.3381472947076,18.31778,55.33916,91.29037,39.66476,158.4763,4.31484,6.348602,147.1909,3.287842,0.9528198,5.481662,0.846594,---,-0.4263559,0.2197065,-0.5735066,0.6641085,-0.0285164,0.925874,0.3396787,0.1629806,-0.04310995,0.9569768,0.04500793,0.2833926,-0.007951892,0.04787669,0.007776746,0.9987913,---,-0.4263559,0.2197065,-0.5735065,0.6641084,-0.0285164,0.925874,0.3396787,0.1629806,-0.04310995,0.9569768,0.04500793,0.2833926,-0.007951892,0.04787669,0.007776746,0.9987913
T76.0143419960514,54.81619,99.02725,10.61127,62.14651,9.664122,88.1254,5.160431,2.517759,164.7917,4.629077,0.786655,17.45834,---,-0.3600272,-0.6446586,-0.2953074,0.6062915,0.3193896,0.4095112,-0.6247789,0.5830458,-0.02771025,-0.04170705,-0.9898312,0.1331425,0.03887562,0.01290865,-0.1519107,0.987545,---,0.1741352,-0.2470286,-0.6646563,0.6832905,0.6381181,0.7313535,-0.1522172,0.1864331,0.07455186,0.6704251,-0.7294077,0.1137401,0.725789,0.1165449,-0.09828931,0.6708106
T80.916320704855,1.053314,65.33382,102.3044,7.461981,141.6141,13.16382,0.4311829,158.8182,5.799957,1.071899,15.01355,0.2224844,---,-0.4252045,0.3325224,-0.6524844,0.5318781,-0.08677135,0.9386559,-0.09865271,0.3188473,-0.05042102,0.9816638,-0.005604821,0.183746,-0.009020053,0.1306555,0.003146837,0.9913818,---,-0.4252045,0.3325224,-0.6524844,0.5318781,-0.08677134,0.9386559,-0.0986527,0.3188472,-0.05042102,0.9816638,-0.005604821,0.183746,-0.009020053,0.1306555,0.003146837,0.9913818
T87.8397007258609,79.39861,104.4259,174.8845,2.678467,109.0296,9.644501,0.505321,118.0534,6.235016,3.64386,14.48781,4.306824,---,0.5899856,0.4181312,-0.4934961,0.4832649,-0.08195149,0.810021,-0.02982213,0.5798798,-0.04436256,0.8562536,-0.03176307,0.5136661,-0.03625291,0.1247556,-0.03325051,0.9909673,---,0.0682284,0.6373833,-0.7661373,0.04605648,-0.07903588,0.9828082,0.03686103,-0.1627344,-0.05382895,0.9686795,0.008909185,-0.242246,-0.04914633,0.7889352,0.002123017,0.6125042
T93.8434019265696,7.177138,81.23565,99.9306,4.356876,130.1377,15.59567,4.532135,85.60685,5.880798,1.581146,21.81196,0.5409814,---,-0.4669104,0.4543195,-0.6062562,0.4561161,-0.1070712,0.8999543,-0.09130182,0.4126524,-0.0638002,0.6765718,-0.01077521,0.7335285,-0.01265527,0.1892418,0.007245703,0.9818223,---,-0.4669104,0.4543195,-0.6062562,0.4561161,-0.1070712,0.8999543,-0.09130181,0.4126523,-0.0638002,0.6765718,-0.01077521,0.7335285,-0.01265527,0.1892418,0.007245703,0.9818223
T100.561008336954,46.96951,105.002,161.3404,41.07522,39.77466,16.16733,2.185822,1.244965,3.438699,1.843441,1.266055,20.30179,---,-0.757349,-0.1214158,-0.4996818,0.4024909,0.3714166,-0.2689957,-0.005674541,0.8886275,0.01938993,0.01028504,0.02978945,0.9993153,0.0138867,0.01370875,-0.1763825,0.9841283,---,-0.0637544,-0.06673627,-0.5017754,0.86006,0.8974887,-0.3119791,0.1615285,0.2666301,0.6546572,-0.2779078,0.3018396,0.6348892,0.6960039,-0.1383624,0.1637892,0.6852792
T106.300603377633,16.66228,90.02449,105.6106,6.55903,138.5364,13.20871,3.140442,4.986865,0.9607549,1.570313,17.60011,0.9779319,---,-0.4955226,0.5046405,-0.6191583,0.3412304,-0.08727255,0.9298493,-0.09379479,0.3449152,0.02701068,-0.04371653,-0.009565074,-0.998633,-0.0122359,0.1530824,0.01052904,0.9880816,---,-0.4955226,0.5046405,-0.6191583,0.3412304,-0.08727255,0.9298493,-0.09379479,0.3449152,0.02701068,-0.04371653,-0.009565074,-0.998633,-0.0122359,0.1530824,0.01052904,0.9880816
T113.091384368949,21.11645,96.28304,110.4754,0.2366496,0.1445019,0.01229858,0.06884766,0.3233476,0.0443925,0.04779053,1.375742,0.04088407,---,-0.5317924,0.5179213,-0.616729,0.2619156,0.002065019,0.001261235,-0.0001098068,0.9999971,0.0005996185,-0.002821968,-0.000389091,-0.9999958,-0.0004127153,0.01200547,0.0003617616,0.9999278,---,-0.5317924,0.5179213,-0.616729,0.2619156,0.002065019,0.001261235,-0.0001098068,0.9999971,0.0005996185,-0.002821968,-0.000389091,-0.9999958,-0.0004127153,0.01200547,0.0003617616,0.9999278
