T2.76771665085107,2.469971,1.174466,2.434601,0.04757237,0.9996643,0.2248566,0.01214612,0.003669021,0.1854784,0.0005841851,0.02420044,0.1129474,---,-0.02176457,0.009786426,-0.02101739,0.9994943,0.000398013,-0.008724312,0.001965789,0.9999599,0.000105943,-3.218977E-05,0.001618607,0.9999987,4.889924E-06,-0.0002110835,0.0009856534,0.9999995,---,-0.02176457,0.009786426,-0.02101739,0.9994943,0.000398013,-0.008724313,0.001965789,0.9999601,0.000105943,-3.218977E-05,0.001618607,0.9999987,4.889924E-06,-0.0002110835,0.0009856534,0.9999995
T11.4436793373898,10.1228,4.873497,8.369171,0.6310161,0.6120561,0.6138808,0.1557922,1.625398,0.1097192,0.1676331,1.588843,0.1042147,---,-0.09099872,0.03580597,-0.0688788,0.9928207,0.005535081,0.005311515,0.005327526,0.9999564,-0.001345825,0.01418508,0.0009766672,0.999898,-0.001450031,0.01386613,0.0009296378,0.9999024,---,-0.09099872,0.03580597,-0.0688788,0.9928207,0.005535082,0.005311515,0.005327526,0.9999565,-0.001345825,0.01418508,0.0009766672,0.999898,-0.001450031,0.01386613,0.0009296378,0.9999024
T20.6801886381581,7.399087,19.79909,12.15796,0.7315059,1.532329,1.222582,3.590233,3.898568,0.3661546,0.6847522,3.554631,0.07525635,---,0.04503778,0.1773296,-0.115136,0.9763552,0.006525274,0.01330256,0.01058231,0.9998342,0.03141591,0.03389795,0.002126351,0.9989291,0.005952313,0.0310184,-0.0008416725,0.9995008,---,-0.09354448,0.1572375,0.608974,0.7718008,-0.004792267,0.0140204,0.7144724,0.6995068,-0.001755068,0.04618388,0.7078531,0.704846,-0.0177244,0.02614224,0.7061586,0.7073489
T28.5228059375659,22.54553,4.701646,21.89725,1.742833,1.022504,0.947422,0.1525269,2.749287,0.3081938,0.1628113,2.192345,0.2887089,---,-0.1994005,0.002398549,-0.1782354,0.9635693,0.01528114,0.008795842,0.008130738,0.9998115,-0.001266118,0.02399323,0.00272065,0.9997076,-0.001372352,0.01913415,0.002546175,0.9998127,---,-0.1994005,0.002398549,-0.1782354,0.9635693,0.01528114,0.008795842,0.008130738,0.9998115,-0.001266118,0.02399323,0.00272065,0.9997076,-0.001372352,0.01913415,0.002546175,0.9998127
T36.6436494411901,31.61798,14.62259,9.916901,5.326405,3.376733,0.2832336,1.811768,1.930281,9.483643,1.645966,1.875996,9.207153,---,-0.2586213,-0.1453439,-0.1170277,0.9477841,0.04637186,0.02954617,-0.003836961,0.9984798,-0.01714597,0.01547756,-0.08237854,0.9963334,-0.01562868,0.01516327,-0.08000787,0.9965563,---,0.4873117,-0.02002253,-0.1855247,0.8530574,0.7388217,0.02360544,0.01817916,0.673242,0.6923901,0.06919472,-0.04730614,0.7166381,0.6936206,0.06729616,-0.04585206,0.7157229
T42.0317658567801,29.54974,22.09381,26.74042,2.454701,1.389398,1.328546,0.1495056,4.659126,0.3127751,0.1957092,5.058107,0.2956204,---,-0.2863561,0.1223762,-0.1719122,0.9345965,0.02155719,0.01187258,0.0113303,0.999633,-0.001192651,0.04065072,0.002780248,0.9991689,-0.001592489,0.04413017,0.002652622,0.9990211,---,-0.2863561,0.1223762,-0.1719122,0.9345965,0.02155719,0.01187258,0.0113303,0.999633,-0.001192651,0.04065072,0.002780248,0.9991689,-0.001592489,0.04413017,0.002652622,0.9990211
T53.8588535794988,20.21037,17.00233,42.19226,5.659973,10.92726,0.2869369,2.812653,13.00712,3.497437,2.728668,12.42923,3.562927,---,0.1095144,0.1982407,-0.3746561,0.8990774,-0.04890981,0.09522057,0.007190502,0.9942279,-0.02782866,0.1124339,-0.02753207,0.9928878,-0.02702277,0.1074341,-0.0283198,0.9934413,---,-0.1874835,0.775921,-0.3423602,0.4955663,-0.0295,0.7703564,0.03966891,0.6356942,-0.03914595,0.7815804,0.0002097262,0.6225749,-0.0391331,0.7784365,-0.0009171389,0.6265017
T60.2287595765665,39.74835,38.79246,31.90265,2.062335,4.738709,1.263826,0.2563477,7.928294,0.3318697,0.2956848,8.19694,0.3634052,---,-0.3941464,0.2121697,-0.1352322,0.8839372,0.01843569,0.04113374,0.01027359,0.9989308,-0.002031406,0.06913824,0.003043816,0.9976004,-0.002347175,0.07147838,0.003347608,0.9974338,---,-0.3941464,0.2121697,-0.1352322,0.8839372,0.01843569,0.04113374,0.01027359,0.9989308,-0.002031406,0.06913824,0.003043816,0.9976004,-0.002347175,0.07147838,0.003347608,0.9974338
T67.6530502522364,38.96204,46.03063,52.81964,9.034777,3.250061,8.041107,2.942703,0.7598857,7.611176,3.01683,0.7386792,8.470673,---,-0.4388607,0.1935992,-0.2691665,0.8351468,0.08051835,-0.02268059,-0.0676404,0.9941968,0.02517995,0.008318587,-0.06651782,0.9974328,0.02577543,0.008370373,-0.0739954,0.9968903,---,0.2793348,-0.04242774,0.05786754,0.957509,0.7265321,-0.2178682,0.2318108,0.6090552,0.6838025,-0.2142005,0.2386965,0.6554053,0.6858466,-0.2089738,0.2338597,0.6566994
T73.5991630451754,41.77682,61.0586,56.69513,2.14187,6.462093,1.222102,0.2711182,7.199243,0.3322759,0.2349548,7.718327,0.294215,---,-0.4956374,0.2718547,-0.2227138,0.7942526,0.01926047,0.05615046,0.009592467,0.9981905,-0.002179306,0.06279034,0.00304247,0.9980198,-0.001872973,0.06730908,0.002699682,0.9977267,---,-0.4956374,0.2718546,-0.2227138,0.7942526,0.01926047,0.05615046,0.009592467,0.9981905,-0.002179306,0.06279034,0.00304247,0.9980198,-0.001872973,0.06730908,0.002699682,0.9977267
T80.4596140244976,43.29987,68.31406,63.47141,1.755097,122.8216,17.77515,4.435974,29.95139,0.01979888,1.274475,11.46966,1.208661,---,-0.5341442,0.2832436,-0.2283898,0.7630867,-0.128402,0.868561,-0.08720846,0.4706481,-0.03734254,0.2582221,0.01016765,0.96531,-0.0100114,0.1000296,0.01160518,0.9948665,---,-0.5341442,0.2832436,-0.2283898,0.7630867,-0.128402,0.868561,-0.08720846,0.4706481,-0.03734254,0.2582221,0.01016765,0.96531,-0.0100114,0.1000296,0.01160518,0.9948665
T86.7610994027928,42.00174,70.73772,1.76265,41.56803,175.0398,173.4911,68.68745,167.4272,168.4797,14.87579,2.500202,5.045492,---,0.3005174,0.5358297,-0.1957112,0.7643775,0.9334144,0.03769627,0.02026499,0.3562387,0.8227593,0.02090695,0.03367236,0.5670065,0.1302474,0.01591553,0.04081379,0.9905133,---,-0.1663909,0.5913867,0.4021078,0.6788852,0.6333684,0.6866789,0.2662283,0.2375693,0.5669952,0.5965621,0.424744,0.3771241,0.08084483,0.1033528,0.7292584,0.6715389
T91.9422365957871,45.16418,69.67603,70.90851,3.394517,155.6694,9.065491,2.707947,134.1532,5.243164,1.397369,13.63918,0.7974616,---,-0.5626947,0.246836,-0.2608969,0.7445667,-0.07099814,0.974552,-0.04550941,0.2076937,-0.05130913,0.9193848,0.003929732,0.389979,-0.01128106,0.118816,0.008357272,0.992817,---,-0.5626947,0.246836,-0.2608969,0.7445667,-0.07099815,0.9745521,-0.04550942,0.2076937,-0.05130913,0.9193848,0.003929732,0.389979,-0.01128106,0.118816,0.008357272,0.992817
T97.5388188995421,80.67145,3.03537,41.97168,62.68999,14.88665,162.3292,0.3798218,3.573563,136.0783,0.08447266,2.57524,15.16251,---,-0.5968891,-0.2505783,-0.2889057,0.7053137,-0.03009957,0.5266795,-0.8471555,0.06348491,-0.03015647,0.008588011,-0.926945,0.3738847,-0.003695183,0.02217766,-0.1318824,0.9910104,---,0.07666773,0.02710155,-0.3814728,0.9207965,0.023607,0.9714481,-0.2266107,0.06617422,0.2430525,0.6615217,-0.6493765,0.2857002,0.6981373,0.1089369,-0.07757297,0.7033631
T102.368127812631,43.32623,88.59509,84.72382,0.4124065,150.7722,7.266449,2.469788,141.0233,4.08493,1.428894,13.44429,1.725822,---,-0.6325669,0.3015649,-0.2577051,0.6652113,-0.06041244,0.9657543,-0.0194637,0.2515751,-0.04077572,0.9416355,0.008416499,0.3340496,-0.01061927,0.1172187,0.01641478,0.9929137,---,-0.6325669,0.3015649,-0.2577051,0.6652113,-0.06041244,0.9657544,-0.0194637,0.2515751,-0.04077572,0.9416355,0.008416498,0.3340495,-0.01061927,0.1172187,0.01641478,0.9929137
T109.161659006961,41.16425,9.841545,92.09503,4.178253,121.9929,11.45703,0.6371368,121.566,6.619659,3.626099,4.927187,3.85376,---,0.1852865,0.3078884,-0.6924085,0.6256551,-0.1048262,0.8678791,-0.01664148,0.4853045,-0.04767991,0.8714646,-0.03302586,0.4870168,-0.0330358,0.04187593,-0.03221693,0.9980567,---,-0.3585894,0.6601149,-0.6206241,0.224695,-0.08589063,0.9568454,0.06235602,-0.2705211,-0.0570676,0.9605914,0.01036198,-0.2718457,-0.04614064,0.7353434,0.0005790278,0.6761219
T114.271342690103,49.67273,106.4245,95.99359,9.96671,149.0275,11.94281,1.601868,137.3573,5.050873,0.552887,1.718324,1.283459,---,-0.7084023,0.2994295,-0.1787543,0.6136408,-0.07680807,0.9572554,-0.1109307,0.2558459,-0.04612074,0.9303361,-0.003010699,0.3637839,-0.004655942,0.01504756,0.01127101,0.9998124,---,-0.7084023,0.2994295,-0.1787543,0.6136408,-0.07680807,0.9572553,-0.1109307,0.2558459,-0.04612074,0.930336,-0.003010699,0.3637839,-0.004655942,0.01504756,0.01127101,0.9998124
T120.0777044883,30.66754,100.6733,96.13251,41.50114,40.15628,19.8114,0.4053793,1.237965,121.849,4.081896,1.175795,2.423394,---,-0.665083,0.3705635,-0.3218824,0.5627957,0.3830332,-0.2590011,-0.03127271,0.8861299,-0.007722574,0.00834145,-0.8739423,0.4858968,0.03582073,0.009498701,0.02076666,0.9990973,---,-0.07999539,0.1201005,0.004123674,0.989525,0.9076682,-0.2849077,0.1538025,0.2670409,0.5466123,0.4428072,-0.436088,0.5612167,0.6679031,-0.2680219,0.2998186,0.6262417
T124.631971682422,41.74881,120.5649,113.3378,1.912048,116.0613,18.19641,3.411407,108.1069,3.884735,0.1830444,5.25528,1.284321,---,-0.7750535,0.298305,-0.216958,0.5130649,-0.1428485,0.8361447,-0.06973486,0.5249698,-0.04489091,0.8081493,0.004195374,0.5872495,-0.002109314,-0.04582404,0.01112256,0.9988854,---,-0.7750535,0.298305,-0.216958,0.5130649,-0.1428486,0.8361449,-0.06973486,0.5249698,-0.04489091,0.8081493,0.004195374,0.5872495,-0.002109314,-0.04582404,0.01112256,0.9988854
T131.562115258537,36.41202,127.8001,122.0186,0.2096417,0.944458,1.208562,0.14832,1.975358,0.02288818,0.2690355,0.671875,0.03192139,---,-0.8127992,0.2932274,-0.2295641,0.4479685,0.001742381,-0.00826069,0.0105612,0.9999086,0.001290702,0.01723764,-0.0002219045,0.9998506,0.002349368,-0.00586245,-0.0002647697,0.99998,---,-0.8127992,0.2932274,-0.2295641,0.4479685,0.001742381,-0.00826069,0.0105612,0.9999086,0.001290702,0.01723764,-0.0002219045,0.9998506,0.002349368,-0.00586245,-0.0002647697,0.99998
