T2.58708304725587,4.080292,0.7288082,3.993286,0.02288812,0.009033203,0.08346558,0.06643677,0.556645,0.3197632,0.1454468,0.5471517,0.4519958,---,-0.03579874,0.005111823,-0.03459176,0.9987471,0.0001997938,-7.859175E-05,-0.0007283979,0.9999998,-0.0005933507,0.004855987,-0.00278756,0.9999841,-0.001288027,0.004769734,-0.00393816,0.99998,---,-0.03579874,0.005111823,-0.03459176,0.9987471,0.0001997938,-7.859175E-05,-0.0007283979,0.9999998,-0.0005933507,0.004855987,-0.00278756,0.9999841,-0.001288027,0.004769734,-0.00393816,0.99998
T11.330977929756,16.20511,4.31515,18.79083,0.1225281,3.84994,0.1586322,0.5038452,4.118488,0.2680359,0.05557251,3.831254,0.4189148,---,-0.1450405,0.01377947,-0.1562678,0.9769104,-0.001022208,0.03359217,0.001419464,0.9994341,-0.00447819,0.03592213,-0.002179512,0.9993422,-0.0006069891,0.03342577,-0.003637496,0.9994344,---,-0.1450405,0.01377947,-0.1562678,0.9769104,-0.001022208,0.03359218,0.001419464,0.9994342,-0.00447819,0.03592213,-0.002179512,0.9993422,-0.0006069891,0.03342577,-0.003637496,0.9994344
T19.7252618540078,2.994467,26.56421,25.41449,4.075552,0.5752258,0.8919204,2.484253,0.7271327,0.4932556,2.924072,0.7088225,0.4228516,---,-0.02571293,0.2296358,-0.2198683,0.947768,0.03551783,-0.00529314,0.007956862,0.9993234,-0.02170426,0.006250527,-0.004165879,0.9997362,-0.02553677,0.006089399,-0.003530979,0.9996491,---,-0.1805588,0.1441953,0.5147028,0.8256436,0.02885771,0.02137208,0.7122546,0.7010019,-0.01976702,-0.01092744,0.7039745,0.709866,-0.02236308,-0.01375137,0.7043619,0.7093555
T25.885184539482,37.02118,0.8163147,33.35065,0.2483529,2.576389,0.9255455,0.08476069,2.190761,0.1080933,0.1631598,0.8558293,0.106781,---,-0.3021826,-0.09756898,-0.2742624,0.9077148,0.002348245,0.02246306,0.008026037,0.9997127,0.0007215058,0.01911752,-0.0009573835,0.9998165,0.001416837,0.007469766,-0.0009424665,0.9999707,---,-0.3021826,-0.09756898,-0.2742624,0.9077148,0.002348245,0.02246306,0.008026037,0.9997127,0.0007215058,0.01911752,-0.0009573835,0.9998165,0.001416837,0.007469766,-0.0009424665,0.9999707
T36.5230762269348,46.14297,52.98553,8.150339,10.4444,3.520117,1.071411,0.09066772,0.9814643,21.76141,0.08517456,0.9238682,22.90201,---,-0.3790072,-0.3844431,-0.1158539,0.8337475,0.09068552,0.03143574,-0.01210179,0.9953098,-0.002393772,0.008261446,-0.1887512,0.9819874,-0.002328993,0.007754156,-0.1985175,0.980064,---,0.3215499,-0.1899212,-0.3537634,0.857547,0.7679147,0.03078568,0.01367117,0.639666,0.6926773,0.139309,-0.1276255,0.6960626,0.691363,0.1458561,-0.13489,0.6946567
T43.3906850349158,28.798,49.74749,74.2674,0.5140238,5.340206,0.9960924,0.5610352,15.44064,0.2336731,0.6045227,17.23157,0.3569336,---,-0.4258015,0.1886044,-0.4470865,0.7636984,0.004885584,0.04654405,0.008473953,0.9988684,-0.005125524,0.1343259,-0.001362843,0.990923,-0.005682407,0.1497887,-0.002289412,0.9886991,---,-0.4258015,0.1886044,-0.4470865,0.7636984,0.004885584,0.04654405,0.008473953,0.9988684,-0.005125524,0.1343259,-0.001362843,0.990923,-0.005682407,0.1497887,-0.002289412,0.9886991
T49.477506512776,54.69582,7.656494,75.40698,6.665619,10.01811,0.939117,3.50827,8.803058,2.729279,3.543457,8.316318,2.834625,---,0.3989227,0.2334059,-0.5177425,0.7199481,-0.05719728,0.08763721,0.01322598,0.9944211,-0.03233871,0.07596106,-0.02138537,0.9963568,-0.03261928,0.07169032,-0.02241612,0.9966414,---,-0.0840183,0.674123,-0.6481801,0.3440372,-0.03109241,0.7651308,0.04979677,0.641193,-0.03798866,0.7582432,0.007745183,0.650818,-0.0389159,0.7554246,0.007214719,0.6540391
T55.0054259318858,33.96976,72.14805,85.50781,0.1844482,2.119776,1.042653,0.3559265,8.863824,0.2064819,0.3797607,8.473211,0.2781372,---,-0.5556605,0.2532232,-0.3984515,0.6843654,0.001777575,0.01848205,0.009067395,0.9997865,-0.003236105,0.07726826,-0.001556505,0.9970039,-0.00348432,0.07386671,-0.002175735,0.9972597,---,-0.5556605,0.2532232,-0.3984515,0.6843654,0.001777575,0.01848205,0.009067395,0.9997865,-0.003236105,0.07726826,-0.001556505,0.9970039,-0.00348432,0.07386671,-0.002175735,0.9972597
T63.0664954725653,53.39859,99.24274,120.9979,11.18007,5.105469,7.005127,2.766509,0.1635132,16.61996,2.814291,0.1642151,17.82596,---,-0.7356584,0.08179463,-0.3351738,0.5829021,0.09983948,-0.03829911,-0.05641184,0.9926646,0.02409268,0.002077505,-0.1444522,0.9892163,0.02448224,0.002389465,-0.1548526,0.9876313,---,-0.03122894,-0.08440218,-0.2068635,0.974222,0.7393413,-0.229764,0.2337566,0.5881674,0.7005023,-0.1654355,0.1811887,0.670148,0.7024513,-0.157903,0.1742747,0.6717569
T69.2839994970709,23.02536,93.47617,110.0972,0.4771394,2.58303,0.8061414,0.2840271,7.809396,0.175293,0.374176,8.736318,0.2030334,---,-0.6632349,0.2966831,-0.46716,0.5038454,0.004321213,0.02250924,0.006939158,0.9997132,-0.002577089,0.06809303,-0.001357364,0.9976747,-0.003390694,0.07615862,-0.001518005,0.9970888,---,-0.6632349,0.2966831,-0.46716,0.5038454,0.004321213,0.02250924,0.006939157,0.9997132,-0.002577089,0.06809303,-0.001357364,0.9976747,-0.003390694,0.07615862,-0.001518005,0.9970888
T76.2138806637377,15.65363,103.2824,122.7502,2.950459,126.4641,16.89435,4.0867,46.72255,1.511414,0.9159546,8.781196,0.567375,---,-0.722373,0.2979797,-0.4885014,0.3882678,-0.119643,0.8845627,-0.08887399,0.4419682,-0.03795629,0.3958092,0.002036952,0.9175458,-0.007590633,0.07659149,0.00554849,0.9970182,---,-0.722373,0.2979797,-0.4885014,0.3882678,-0.119643,0.8845626,-0.08887398,0.4419682,-0.03795628,0.3958092,0.002036952,0.9175457,-0.007590633,0.07659149,0.00554849,0.9970182
T85.1716556530446,64.66737,146.7531,19.3231,57.93022,175.5405,169.4881,78.33829,21.07772,17.57696,8.704875,1.669674,0.8009033,---,0.2867188,0.7724706,-0.4646584,0.3243057,0.8688504,0.09884895,-0.0782261,0.4787573,0.635332,0.04526234,0.002288363,0.7709081,0.07577988,0.01505812,-0.008073861,0.9969782,---,-0.3434784,0.74896,-0.09924436,0.5578818,0.5444732,0.6842667,0.2832183,0.3938467,0.4172423,0.4812529,0.5467325,0.5434963,0.04293677,0.06423216,0.699261,0.7106791
T92.8736848253757,10.37375,117.5819,135.9093,8.506097,145.8566,12.28058,3.376282,109.1222,4.3526,0.8669128,5.110638,0.6034622,---,-0.8070864,0.2762884,-0.4492893,0.265359,-0.08032206,0.9501653,-0.1018017,0.2834973,-0.04799486,0.8131447,0.001975017,0.5800762,-0.007322857,0.04462186,0.005598074,0.9989614,---,-0.8070864,0.2762884,-0.4492893,0.265359,-0.08032205,0.9501652,-0.1018016,0.2834973,-0.04799485,0.8131447,0.001975017,0.5800761,-0.007322857,0.04462186,0.005598074,0.9989614
T99.5263431873173,32.80499,158.2239,124.2162,62.99953,17.4154,55.15722,0.9400635,0.7691539,76.65707,1.514863,0.9877889,15.15515,---,-0.8076457,-0.4878306,-0.289875,0.1603189,0.5175508,-0.1246912,0.3200791,0.7836726,-0.01059774,0.0001777754,-0.6200918,0.7844577,0.01196675,0.0102871,-0.1319651,0.9911287,---,-0.4577292,-0.1399757,-0.5499209,0.6844544,0.9201039,-0.3145001,0.1381602,0.1881765,0.5472016,0.4385968,-0.4383454,0.5621891,0.7092956,0.1005875,-0.08603933,0.6923721
T105.756579717621,10.8337,122.5638,146.8216,8.528015,151.5218,10.11768,3.879547,84.19581,3.721924,1.166718,17.80483,0.2141897,---,-0.8237865,0.2927425,-0.4820812,0.05723104,0.06701597,-0.9644421,0.09341653,-0.2379782,-0.04686085,0.6688463,-0.001401755,0.7419209,-0.009769355,0.1547626,0.003422112,0.9878975,---,-0.8237865,0.2927425,-0.4820812,0.05723104,0.06701596,-0.9644421,0.09341652,-0.2379781,-0.04686085,0.6688463,-0.001401755,0.7419209,-0.009769355,0.1547626,0.003422112,0.9878975
T111.352281136438,34.31445,65.57007,152.8257,7.38681,117.8258,13.61606,1.158997,111.6232,6.963684,3.84494,18.45289,4.413788,---,0.4446495,0.3626117,-0.8183402,-0.03344788,0.1343343,-0.8446361,0.006304526,-0.5181742,-0.05590748,0.82528,-0.02577397,0.5613582,-0.03925927,0.1588526,-0.03261349,0.9859822,---,-0.2642392,0.232754,-0.8930687,-0.2800564,0.09944666,-0.9636524,-0.09053072,0.2308434,-0.05775751,0.9805013,0.02130761,-0.1866209,-0.05082172,0.8095205,0.004699274,0.584869
T116.601954272017,28.96553,132.1116,144.3258,5.288845,136.8887,14.01376,2.187775,129.9429,4.793915,1.315521,21.46718,0.6167987,---,-0.8112728,0.3676737,-0.4440742,-0.09721428,0.09651142,-0.9241998,0.08736167,-0.3590381,-0.04595819,0.9048014,-0.0004076133,0.4233464,-0.01027634,0.1862884,0.007426023,0.9824134,---,-0.8112727,0.3676736,-0.4440742,-0.09721427,0.09651142,-0.9241997,0.08736166,-0.359038,-0.04595819,0.9048013,-0.0004076133,0.4233464,-0.01027634,0.1862884,0.007426023,0.9824134
T122.271563952789,29.78696,141.0228,163.6804,42.50037,39.60583,15.84988,0.6218143,2.421242,146.4051,2.372418,0.2091088,31.70416,---,-0.889644,0.2141876,-0.353538,-0.1940831,0.3812851,-0.2657184,0.0007151854,0.8854462,-0.01865818,0.01129924,-0.9571377,0.2888108,0.0194161,0.00740982,-0.2731321,0.9617521,---,-0.6702709,0.1826672,-0.3842895,0.6080225,0.8992414,-0.3104811,0.1696533,0.2572627,0.4324278,0.5494614,-0.544796,0.462921,0.7128829,-0.07172148,0.09191079,0.6915247
T127.943375350907,47.58185,130.1518,158.2947,8.039001,95.84991,19.6073,1.260529,140.0263,5.471741,1.978363,33.65026,0.2080383,---,-0.7829549,0.3231982,-0.4475901,-0.2866838,-0.1723623,0.7216313,-0.06254924,0.6675529,-0.04860979,0.9384636,-0.005988295,0.3418881,-0.01705003,0.289378,0.00325947,0.9570575,---,-0.7829549,0.3231982,-0.4475901,-0.2866838,-0.1723623,0.7216313,-0.06254923,0.6675529,-0.04860979,0.9384635,-0.005988295,0.341888,-0.01705003,0.289378,0.00325947,0.9570575
T138.652111871168,65.7292,113.2933,166.2275,0.4994691,0.1189575,0.3537599,0.05299625,3.549122,0.353241,0.1225586,6.51531,0.4440308,---,-0.732322,0.2120778,-0.4041291,-0.5053783,0.004355448,-0.001051503,0.003091626,0.9999852,0.0003667941,0.03096826,-0.003095527,0.9995155,-0.001288062,0.05682158,-0.003807951,0.9983763,---,-0.732322,0.2120778,-0.4041291,-0.5053783,0.004355448,-0.001051503,0.003091626,0.9999852,0.0003667941,0.03096826,-0.003095527,0.9995155,-0.001288062,0.05682158,-0.003807951,0.9983763
