T3.14853073842824,3.442871,0.9505313,2.739807,0.01231848,0.02390609,0.03076172,0.08920288,0.2737909,0.02871639,0.097229,0.274285,0.02404785,---,-0.03022875,0.007570595,-0.02364635,0.9992346,0.000107443,0.0002086489,-0.0002685128,1,-0.0007777812,0.002389468,0.0002524568,0.9999968,-0.0008489322,0.002393407,-0.0002079447,0.9999968,---,-0.03022875,0.007570595,-0.02364635,0.9992346,0.000107443,0.0002086489,-0.0002685128,1,-0.0007777812,0.002389468,0.0002524568,0.9999968,-0.0008489322,0.002393407,-0.0002079447,0.9999968
T11.1984363887459,11.32315,4.022499,11.94125,0.1951636,3.877127,0.3136597,0.2009223,0.8566479,0.007843018,0.2185128,0.9642434,0.03399658,---,-0.1016896,0.02447969,-0.100004,0.9894742,0.001609551,0.03383234,-0.00279317,0.9994223,0.001752817,0.007475702,-8.143278E-05,0.9999706,0.001904318,0.008415062,-0.0003128204,0.9999627,---,-0.1016896,0.02447969,-0.100004,0.9894742,0.001609551,0.03383235,-0.00279317,0.9994224,0.001752817,0.007475702,-8.143278E-05,0.9999706,0.001904318,0.008415062,-0.0003128204,0.9999627
T18.479507016018,1.773069,16.68485,23.20865,1.123254,0.410614,3.312683,1.389238,1.133682,3.609406,0.532063,1.085215,3.616699,---,-0.01418568,0.1451856,-0.2011984,0.9686275,0.009901495,-0.003298265,-0.02886794,0.9995288,0.01180495,0.01026922,-0.03160883,0.9993778,0.004341749,0.009611845,-0.03159851,0.999445,---,-0.1126925,0.09263092,0.5426543,0.8271918,0.009333639,0.004669189,0.6863609,0.7271863,0.001085926,0.01560879,0.684316,0.7290177,-0.003726521,0.00986668,0.6843708,0.7290578
T24.8507890943438,22.03009,0.7854277,29.12521,0.326374,3.285697,0.536545,0.2523499,4.313987,0.1803653,0.3008118,4.212094,0.1499202,---,-0.1866158,-0.0415286,-0.2455322,0.9503494,0.002981179,0.02865543,0.004598625,0.9995744,-0.002141365,0.03764108,0.001655749,0.9992877,-0.002575142,0.03675245,0.001403878,0.9993201,---,-0.1866158,-0.0415286,-0.2455322,0.9503494,0.002981179,0.02865543,0.004598625,0.9995744,-0.002141365,0.03764108,0.001655749,0.9992877,-0.002575142,0.03675245,0.001403878,0.9993201
T32.4779034946114,33.42926,32.94958,1.464972,5.469235,3.930956,2.10434,4.353455,3.259225,17.72272,4.355469,3.28549,17.8548,---,-0.279247,-0.2680634,-0.06981511,0.919396,0.04704478,0.03512808,-0.01996715,0.9980752,-0.04189093,0.02223003,-0.1528035,0.9871181,-0.04196916,0.02240521,-0.1539309,0.9869356,---,0.4526536,-0.1401827,-0.2389162,0.8475686,0.7390115,0.03895821,0.01072039,0.6724801,0.6683765,0.1237674,-0.09232935,0.7276192,0.6681922,0.1246884,-0.09300268,0.7275456
T37.8020760100335,28.60797,19.55278,43.37289,0.544319,3.821205,0.7422984,0.4534302,10.72885,0.01642327,0.5056763,11.04462,0.03724571,---,-0.2870467,0.06292133,-0.313888,0.9028397,0.004963287,0.0333083,0.006315692,0.9994128,-0.003926245,0.09349,0.0005126295,0.9956124,-0.004361141,0.09623383,0.0007481866,0.9953489,---,-0.2870467,0.06292133,-0.313888,0.9028397,0.004963288,0.0333083,0.006315693,0.999413,-0.003926245,0.09349,0.0005126295,0.9956124,-0.004361141,0.09623383,0.0007481866,0.9953489
T43.4684752132744,35.12273,2.253632,45.25464,5.661469,9.355211,0.6251688,3.067535,8.867427,3.292786,3.081512,8.33789,3.371094,---,0.2856616,0.09875706,-0.3612569,0.8821213,-0.04877608,0.08171676,0.009458083,0.9954164,-0.02889535,0.07647938,-0.02656657,0.9962983,-0.02894277,0.0718511,-0.02737182,0.9966195,---,-0.05345397,0.6935858,-0.4574405,0.5539222,-0.02780202,0.7616481,0.04117777,0.6460832,-0.0392175,0.7585683,0.001646693,0.6504102,-0.03982043,0.7555228,0.001110831,0.65391
T48.576569924131,32.87906,31.76052,46.19434,0.4048101,3.977396,0.6111217,0.3746033,7.840026,0.06716356,0.4121094,7.969583,0.05653816,---,-0.3533368,0.1346218,-0.2906647,0.8789449,0.003715516,0.03468282,0.005207183,0.9993779,-0.003221179,0.06836531,0.0008082123,0.9976549,-0.003553342,0.069493,0.0007421071,0.9975759,---,-0.3533368,0.1346218,-0.2906647,0.8789449,0.003715517,0.03468283,0.005207183,0.999378,-0.003221179,0.06836531,0.0008082123,0.9976549,-0.003553342,0.069493,0.0007421071,0.9975759
T54.5263169277459,54.52798,37.33161,47.87875,5.512407,4.055817,4.701019,2.192322,1.392693,6.870361,2.177246,1.376535,7.379944,---,-0.5121,0.08391617,-0.2077205,0.8291948,0.04946532,-0.03334459,-0.03923926,0.9974476,-0.01982278,0.01098299,-0.05967176,0.9979608,-0.01973111,0.01076254,-0.06411363,0.9976895,---,0.2406533,-0.1724309,0.004926196,0.9551592,0.7035699,-0.2526713,0.2358749,0.6208944,0.6521745,-0.2292528,0.2328748,0.6840182,0.6533188,-0.2263968,0.2297804,0.6849234
T59.5684157442302,37.62589,46.99498,54.88812,0.589748,2.817877,0.5864333,0.04931641,2.351976,0.08758545,0.01138306,2.593786,0.1004333,---,-0.4363976,0.1986346,-0.2859789,0.8296491,0.005270706,0.02456116,0.004989417,0.999672,-0.000446085,0.02052308,-0.0007553006,0.999789,-0.000119149,0.02263303,-0.0008740495,0.9997435,---,-0.4363976,0.1986346,-0.2859789,0.8296491,0.005270707,0.02456116,0.004989417,0.9996721,-0.000446085,0.02052308,-0.0007553006,0.999789,-0.000119149,0.02263303,-0.0008740495,0.9997435
T66.0778007339686,40.41199,54.20921,63.37488,2.856626,123.589,17.59332,3.849792,42.63957,0.8416138,0.5259094,0.6186868,0.9016966,---,-0.4862284,0.20233,-0.3049104,0.7935202,-0.1230849,0.872423,-0.09396491,0.4635718,-0.03395871,0.3631281,0.005373852,0.9311047,-0.004546755,0.005434923,0.007893287,0.9999437,---,-0.4862284,0.20233,-0.3049104,0.7935202,-0.1230849,0.8724229,-0.0939649,0.4635718,-0.03395871,0.3631282,0.005373853,0.9311048,-0.004546755,0.005434923,0.007893287,0.9999437
T73.0781239252537,40.22712,62.31316,36.21259,44.85466,175.4986,168.9443,64.50923,10.70004,8.041053,2.638679,1.869746,0.08057341,---,0.1287219,0.5532243,-0.41884,0.708482,0.9207989,0.07406209,-0.0005899927,0.3829411,0.5355787,0.04140191,0.009397905,0.8434175,0.02303318,0.01629538,0.000327186,0.9996019,---,-0.3001685,0.4822087,0.2048078,0.797137,0.5987334,0.703473,0.270363,0.2711974,0.3494357,0.4079868,0.6030315,0.5897409,0.004764345,0.02780949,0.7070566,0.7065939
T78.8866687435657,45.62631,69.49987,96.08813,8.680249,147.5379,11.72876,4.089813,84.58443,3.284973,0.6427002,0.4369545,0.992978,---,-0.6037103,0.1143546,-0.4154744,0.6706997,-0.07677861,0.95454,-0.1007574,0.2698268,-0.04565974,0.6714506,0.002812438,0.7396359,-0.00557528,0.003861534,0.008686446,0.9999393,---,-0.6037103,0.1143546,-0.4154744,0.6706997,-0.07677861,0.95454,-0.1007574,0.2698268,-0.04565974,0.6714507,0.002812438,0.739636,-0.00557528,0.003861534,0.008686446,0.9999393
T85.0481521617621,68.0816,120.8501,67.16014,62.1888,12.31448,58.96573,1.251099,4.404516,81.63998,1.463074,2.05946,2.372528,---,-0.6287862,-0.4475907,-0.179391,0.6100077,-0.4921809,0.1727587,-0.370797,-0.7683892,-0.03337377,0.02194728,-0.6528456,0.7564372,-0.01313452,0.01770162,-0.02046838,0.9995475,---,-0.01327843,-0.1896458,-0.443343,0.8759596,-0.8913577,0.384352,-0.1400342,-0.1953087,0.511283,0.4771506,-0.4461125,0.5584807,0.6974993,0.02699026,-0.001956397,0.7160743
T89.8083826955408,33.15659,82.92055,111.464,4.376298,126.9769,17.19971,3.279449,88.65259,3.935516,0.04525757,1.536494,0.4885126,---,-0.6448215,0.1805989,-0.4872102,0.5605493,-0.1168593,0.8866867,-0.1004815,0.4359289,-0.04444106,0.6973428,-0.004571075,0.7153441,-0.0003378543,0.0134096,0.004267977,0.9999009,---,-0.6448215,0.1805989,-0.4872102,0.5605493,-0.1168593,0.8866867,-0.1004815,0.4359289,-0.04444106,0.6973428,-0.004571075,0.7153441,-0.0003378543,0.0134096,0.004267977,0.9999009
T95.4070496950299,51.47099,20.06525,110.291,2.559387,111.8976,9.226105,0.5472107,94.95616,7.044861,3.721344,4.479115,3.843506,---,0.3731348,0.2611887,-0.6846749,0.569009,-0.07908374,0.8246418,-0.02657815,0.5594689,-0.04850265,0.7354198,-0.03801185,0.674804,-0.03373581,0.03794713,-0.03222324,0.9981902,---,-0.2202921,0.5870385,-0.7479844,0.2176618,-0.07471424,0.978714,0.03712706,-0.1875056,-0.06117499,0.9971787,0.007418116,-0.04286184,-0.04664009,0.7326597,0.001069549,0.6789944
T101.148882383481,26.1918,97.31475,106.6103,5.818146,100.7498,19.6214,4.189911,70.5075,2.396667,1.136353,11.44896,0.8515937,---,-0.6757717,0.3169482,-0.4142311,0.5208542,-0.1629675,0.7524769,-0.07001179,0.6342859,-0.04190797,0.5760624,0.004028845,0.8163208,-0.009125466,0.09981052,0.008383148,0.9949293,---,-0.6757717,0.3169482,-0.4142311,0.5208542,-0.1629675,0.7524769,-0.07001179,0.6342859,-0.04190797,0.5760624,0.004028845,0.8163208,-0.009125466,0.09981052,0.008383148,0.9949293
T106.816635532305,37.28458,120.1597,137.8729,39.74464,39.84805,11.43927,0.5160217,3.283356,32.50677,0.5603638,3.185919,31.87775,---,-0.8236776,0.1463687,-0.3414685,0.4284049,0.3499275,-0.2870366,0.02714479,0.8913046,-0.01233958,0.02624368,-0.2796441,0.9596657,-0.0123341,0.0253874,-0.2743715,0.9612095,---,-0.2054307,-0.02011609,-0.2344151,0.9499701,0.8812002,-0.3517445,0.1660925,0.2686548,0.6874403,-0.06319191,0.0908028,0.7177657,0.6872573,-0.06761204,0.09410711,0.7171122
T112.003272557631,17.05844,104.8539,120.1511,0.9781771,122.013,16.98328,4.766815,42.77165,1.572968,1.630493,23.5212,0.4450906,---,-0.724432,0.3126292,-0.4639944,0.402704,-0.1250619,0.8656654,-0.07895663,0.4782769,-0.04372022,0.3637652,0.002392848,0.9304611,-0.01313791,0.2038548,0.006702247,0.9788901,---,-0.724432,0.3126292,-0.4639944,0.402704,-0.1250619,0.8656654,-0.07895663,0.4782769,-0.04372022,0.3637652,0.002392848,0.9304611,-0.01313791,0.2038548,0.006702247,0.9788901
T119.556548332796,10.87326,110.7495,131.0036,0.9338276,0.6365051,0.650564,0.1022339,2.048599,0.07930556,0.2266541,4.306631,0.05410639,---,-0.7677602,0.2906985,-0.4823985,0.3055003,0.008117303,-0.005600419,0.005722197,0.999935,-0.0008795991,0.01787705,0.0007079085,0.9998396,-0.001958766,0.03757445,0.0005461499,0.9992918,---,-0.7677602,0.2906985,-0.4823985,0.3055003,0.008117303,-0.005600419,0.005722197,0.999935,-0.0008795991,0.01787705,0.0007079085,0.9998396,-0.001958766,0.03757445,0.0005461499,0.9992918
