T3.16360294539481,4.17337,0.2396844,3.881622,0.1495667,0.02093506,0.03030396,0.1053004,0.07558662,0.03638292,0.1333225,0.06200723,0.03637695,---,-0.03646134,0.0008559043,-0.03376843,0.998764,-0.001305127,-0.000182946,-0.0002647954,0.9999992,0.0009191281,0.0006593256,0.0003168945,0.9999993,0.001163286,0.0005414841,-0.0003180248,0.9999992,---,-0.03646134,0.0008559043,-0.03376843,0.998764,-0.001305127,-0.000182946,-0.0002647954,0.9999992,0.0009191281,0.0006593256,0.0003168945,0.9999993,0.001163286,0.0005414841,-0.0003180248,0.9999992
T10.5132179716602,13.75674,1.793451,14.69931,0.4754944,5.935169,0.1517639,0.2990112,4.722958,0.1038818,0.2817078,4.559288,0.06287658,---,-0.1207512,9.127744E-05,-0.1251291,0.9847649,-0.004212536,0.05176498,-0.001107675,0.9986498,-0.00264445,0.04120139,-0.0007983214,0.9991471,-0.002434493,0.03977801,0.0006460476,0.9992054,---,-0.1207512,9.127744E-05,-0.1251291,0.9847649,-0.004212535,0.05176498,-0.001107675,0.9986497,-0.00264445,0.04120139,-0.0007983214,0.9991471,-0.002434493,0.03977801,0.0006460476,0.9992054
T18.7727232435718,2.809662,22.3182,25.03275,3.275974,0.01824951,1.037079,7.678536,1.430106,1.160675,2.418648,1.116546,1.828461,---,-0.06541112,0.183665,-0.2079252,0.9585175,0.02858464,9.939414E-05,-0.009041722,0.9995505,0.06682297,0.01312919,-0.01094056,0.9976185,0.020946,0.01007686,-0.01615683,0.9995993,---,-0.1761234,0.08361815,0.5307489,0.8247995,0.02014211,0.02028267,0.7003954,0.7131823,0.03796723,0.05653471,0.6976867,0.713159,0.007685637,0.02193647,0.6953989,0.7182481
T23.3960274318233,28.79352,7.073364,19.12982,0.2502747,4.166733,0.1860046,0.1698665,2.112671,0.2020562,0.08474137,0.7492049,0.1288166,---,-0.2347831,-0.1001555,-0.1757648,0.9507642,-0.002241721,0.03634991,-0.001542641,0.9993355,0.001449603,-0.018438,0.001790298,0.9998274,0.0007468411,0.006537162,0.001119277,0.9999778,---,-0.2347831,-0.1001555,-0.1757648,0.9507642,-0.002241721,0.03634991,-0.001542641,0.9993355,0.001449603,-0.018438,0.001790298,0.9998274,0.0007468411,0.006537162,0.001119277,0.9999778
T28.3694301443174,34.51126,29.92773,10.8145,8.948854,3.123972,2.802338,0.7387085,1.322455,5.42746,0.55896,1.301378,7.249054,---,-0.308538,-0.2184853,0.0106878,0.9257182,0.07729732,0.02907416,-0.02649496,0.9962319,-0.00698504,0.01122197,-0.04726728,0.9987949,-0.005585554,0.01102524,-0.06315757,0.9979271,---,0.4364123,-0.1620499,-0.146935,0.872751,0.7590998,0.03929331,0.001823768,0.6497849,0.7013154,0.04135815,-0.02548788,0.7111937,0.7016914,0.05245516,-0.03686313,0.7095906
T32.8451681593433,38.35144,13.11063,37.23199,0.2688994,3.934923,0.6861548,0.08834839,4.001628,0.3450432,0.02978516,4.933514,0.3177243,---,-0.3436669,-0.00198223,-0.2640042,0.9012164,0.002550734,0.03431718,0.005903687,0.9993903,-0.0006654689,0.03491585,0.00303615,0.9993855,-0.0001403244,0.04304029,0.002781281,0.9990695,---,-0.3436669,-0.00198223,-0.2640042,0.9012164,0.002550734,0.03431717,0.005903686,0.9993902,-0.0006654689,0.03491585,0.00303615,0.9993855,-0.0001403244,0.04304029,0.002781281,0.9990695
T37.8825846845284,26.37604,17.42712,53.12915,4.946075,10.6925,0.1720626,2.509277,7.910288,3.364868,2.455872,6.849481,3.413422,---,0.2676693,-0.03107673,-0.3994721,0.8762474,-0.04282168,0.09315191,0.005513997,0.9947154,-0.02385877,0.06828789,-0.02777331,0.9969935,-0.02316079,0.05906008,-0.02844371,0.9975803,---,-0.0931986,0.5976259,-0.4717402,0.641575,-0.02638051,0.7692384,0.03417848,0.6375017,-0.03650939,0.7532677,-0.002768004,0.6566941,-0.0364899,0.7471576,-0.00373559,0.663634
T43.9727023700252,47.75528,21.25955,43.76282,0.08676147,4.269272,0.6337541,0.3250732,3.854551,0.512978,0.3303223,4.546332,0.5239987,---,-0.4320398,0.008253538,-0.265653,0.8618017,-0.0005506431,0.03725141,0.005554883,0.9992903,-0.002684737,0.03364318,0.004569419,0.9994199,-0.002698856,0.03967641,0.004683449,0.999198,---,-0.4320398,0.008253538,-0.265653,0.8618017,-0.0005506431,0.0372514,0.005554883,0.9992903,-0.002684737,0.03364318,0.004569419,0.9994199,-0.002698856,0.03967641,0.004683449,0.999198
T49.7126255007461,68.49075,38.26443,36.97256,6.053254,4.234863,4.688995,1.365875,1.287068,7.793365,1.414459,1.388637,9.149475,---,-0.5901271,0.08837303,-0.07271,0.799158,0.05422917,-0.03470676,-0.0388737,0.9971677,-0.01265411,0.01039484,-0.06781478,0.9975635,-0.01326936,0.01109391,-0.07959836,0.996677,---,0.1323177,-0.2707053,0.06679574,0.951183,0.7067688,-0.2524351,0.2364372,0.6171318,0.6589608,-0.22227,0.2290032,0.6811199,0.6609792,-0.2140419,0.2213555,0.6843204
T54.408890013583,46.17276,45.72428,74.53476,0.09148406,4.044565,0.5806462,0.131897,4.794944,0.1622009,0.1379395,5.051861,0.1228936,---,-0.5039597,0.06563736,-0.392043,0.7668238,0.0009766491,0.03528366,0.005035743,0.9993642,-0.001090726,0.04183313,0.001462376,0.999123,-0.001155435,0.04407275,0.001124462,0.999027,---,-0.5039597,0.06563736,-0.392043,0.7668238,0.0009766491,0.03528366,0.005035743,0.9993642,-0.001090726,0.04183313,0.001462376,0.999123,-0.001155435,0.04407275,0.001124462,0.999027
T59.5824718223885,44.18274,55.34902,88.36752,7.908539,96.26148,19.8136,3.734924,17.8081,0.1460673,0.6725159,7.843312,0.8635209,---,-0.5387787,0.07647747,-0.4466574,0.7101873,-0.1731526,0.7239009,-0.0639689,0.6647508,-0.03199769,0.1547389,0.006302563,0.987417,-0.005339429,0.06843337,0.00791916,0.99761,---,-0.5387787,0.07647747,-0.4466574,0.7101873,-0.1731526,0.7239009,-0.0639689,0.6647508,-0.03199769,0.1547389,0.006302563,0.987417,-0.005339429,0.06843337,0.00791916,0.99761
T64.8322750264779,36.74657,65.09218,51.45221,44.2648,176.9634,169.5886,48.76158,5.747907,3.471256,4.879707,1.891396,0.1378654,---,0.01775352,0.575282,-0.500016,0.6470853,0.9230769,0.07407588,-0.009728631,0.3772894,0.4134739,0.03315964,0.006864288,0.9098861,0.04258461,0.01643861,0.0004992294,0.9989576,---,-0.3942322,0.4193394,0.1039937,0.8111232,0.6003343,0.7050934,0.2599047,0.273663,0.2689228,0.3158176,0.6482404,0.6385329,0.01848802,0.04173572,0.7067227,0.7060167
T69.5217932136729,47.81454,70.4282,116.9037,10.19229,151.5056,10.86554,4.157227,63.13783,1.862457,0.3293457,2.273071,0.822693,---,-0.6224806,-0.006343254,-0.5142467,0.5899389,-0.0696401,0.9631447,-0.1089171,0.2358808,-0.03940168,0.5226079,0.005148031,0.8516467,-0.00301588,-0.01981374,0.007120841,0.9997738,---,-0.6224806,-0.006343254,-0.5142467,0.5899389,-0.0696401,0.9631447,-0.1089171,0.2358808,-0.03940168,0.5226079,0.005148031,0.8516466,-0.00301588,-0.01981374,0.007120841,0.9997738
T74.4221802102402,41.47122,135.4449,78.019,66.28073,10.32831,141.332,1.092224,6.706017,84.78772,3.814423,2.712235,7.705902,---,-0.6490312,-0.5879804,-0.03141799,0.4817161,-0.2513786,0.4888147,-0.7706137,-0.3225268,-0.04645896,0.0367776,-0.6726269,0.7376058,-0.03478599,0.02136421,-0.06635402,0.9969608,---,-0.1183097,-0.3935491,-0.4379808,0.7995591,-0.4058124,0.8905503,-0.1992619,-0.0503094,0.4887145,0.5016246,-0.4496133,0.5544174,0.6803603,0.06202616,-0.0318126,0.7295551
T79.0465635033324,32.6922,79.30553,136.906,8.708282,150.0633,10.65518,3.709198,96.67853,3.914795,0.7910156,6.246601,0.6614829,---,-0.6491285,0.02334627,-0.6212155,0.4383816,-0.06991605,0.9609399,-0.0969406,0.2496171,-0.04700465,0.745532,0.001471785,0.6648086,-0.006577872,0.05452246,0.006139873,0.998472,---,-0.6491285,0.02334627,-0.6212155,0.4383816,-0.06991605,0.9609399,-0.0969406,0.2496171,-0.04700465,0.745532,0.001471785,0.6648086,-0.006577872,0.05452246,0.006139873,0.998472
T84.9920293064788,32.00673,70.44315,149.2942,5.674438,115.9947,11.63321,0.4010315,99.20139,7.551727,3.180695,3.106232,3.515137,---,0.5942349,0.0704027,-0.7151464,0.3612396,-0.1119345,0.8399648,-0.01188274,0.5308377,-0.05241361,0.7597391,-0.04002079,0.6468754,-0.026899,-0.02793139,-0.0313994,0.9987544,---,-0.08549729,0.3052172,-0.9258724,0.2056528,-0.08755203,0.9693036,0.0707473,-0.2185858,-0.06536099,0.9946266,0.008763051,-0.07980672,-0.0412232,0.6864756,-0.003182264,0.7259765
T91.5716658281162,16.58221,88.33128,146.7059,0.3794505,109.9591,20.52966,3.942688,78.93838,3.964264,1.160675,13.32311,0.4762541,---,-0.6901895,0.09840571,-0.6512983,0.2996088,-0.1440643,0.8061739,-0.1049303,0.5641976,-0.04851259,0.6339884,-0.004831427,0.7718045,-0.009578165,0.1160392,0.005302784,0.9931843,---,-0.6901895,0.09840571,-0.6512983,0.2996088,-0.1440643,0.8061738,-0.1049303,0.5641975,-0.04851259,0.6339884,-0.004831427,0.7718045,-0.009578165,0.1160392,0.005302784,0.9931843
T96.6116852471605,25.04935,169.6165,175.6973,41.30225,39.52496,18.53491,2.549481,0.9585366,27.19803,2.609001,1.04204,20.35754,---,-0.9707759,-0.05610492,-0.09638082,0.212502,0.3785261,-0.258815,-0.02412879,0.8883415,0.01965587,0.01335875,-0.2352399,0.9716468,0.02080005,0.01297097,-0.1768709,0.9839288,---,-0.454104,-0.2938812,-0.3048036,0.7839121,0.9041852,-0.2912712,0.15797,0.2695474,0.7076403,-0.09520199,0.1232937,0.6891884,0.7007217,-0.1366006,0.1648049,0.680565
T100.678521842696,2.173889,82.43442,162.1023,23.80627,17.12586,5.342529,3.735443,17.79053,0.1186138,1.379486,14.8036,0.8714306,---,-0.6529974,0.08838207,-0.7409827,0.1293357,-0.2105272,0.1360301,-0.01441748,0.9679702,-0.03204018,0.1545798,0.006061789,0.987442,-0.01095777,0.1289045,0.009091455,0.9915548,---,-0.6529974,0.08838207,-0.7409827,0.1293357,-0.2105272,0.1360301,-0.01441748,0.96797,-0.03204018,0.1545798,0.006061789,0.987442,-0.01095777,0.1289045,0.009091455,0.9915548
T106.833998632617,3.318826,84.89086,173.8745,0.2152486,0.1264954,0.1942202,0.1248448,0.1922302,0.05419922,0.1137147,0.9418816,0.1116333,---,-0.6724994,0.05738231,-0.7376017,0.01989484,0.001876523,-0.001107118,0.00169696,0.9999962,0.001090268,-0.00167689,-0.000471194,0.9999979,0.0009843074,0.008220334,-0.0009822045,0.9999653,---,-0.6724994,0.05738231,-0.7376017,0.01989484,0.001876523,-0.001107118,0.00169696,0.9999962,0.001090268,-0.00167689,-0.000471194,0.9999979,0.0009843074,0.008220334,-0.0009822045,0.9999653
