T2.12632694933563,2.278015,0.2005759,0.9880371,0.4724542,0.004555369,0.0533988,0.2611322,0.1465103,0.08495581,0.2590187,0.1594254,0.07930331,---,-0.01989254,0.001578551,-0.008585636,0.9997641,0.004122947,3.78315E-05,0.0004658246,0.9999914,0.002279751,0.00127685,0.0007384632,0.9999963,0.002261323,0.00138968,0.0006889047,0.9999962,---,-0.01989254,0.001578551,-0.008585636,0.9997641,0.004122947,3.783149E-05,0.0004658245,0.9999913,0.002279751,0.00127685,0.0007384632,0.9999963,0.002261323,0.00138968,0.0006889047,0.9999962
T12.9708426417783,11.65164,5.766926,5.986359,0.164032,2.976375,0.5210679,0.4905396,5.765437,0.1739625,0.5125122,5.543417,0.1705765,---,-0.1038509,0.04468304,-0.0467824,0.9924867,-0.001312833,0.02597707,0.004582797,0.9996512,-0.0041989,0.05029768,0.001731456,0.998724,-0.004395352,0.04836269,0.001703082,0.9988188,---,-0.1038509,0.04468304,-0.0467824,0.9924867,-0.001312833,0.02597706,0.004582796,0.9996511,-0.0041989,0.05029768,0.001731456,0.998724,-0.004395352,0.04836269,0.001703082,0.9988188
T19.6910643326119,1.750377,18.71288,11.2673,3.30831,0.07343466,0.4729614,3.99418,1.49606,0.1916504,3.496059,1.49293,0.2625732,---,-0.0009594783,0.1632512,-0.09932141,0.9815719,0.02886355,0.0007597102,-0.004144215,0.9995745,0.0348239,0.01310554,-0.00212614,0.9993053,0.03047163,0.0130917,-0.002687578,0.9994463,---,-0.1161145,0.1147576,0.6238453,0.764307,0.01987241,0.02094681,0.7038755,0.7097363,0.0153572,0.03389123,0.7051122,0.708119,0.01228947,0.03080393,0.7048149,0.7086157
T25.2909721219912,20.8288,0.7649536,12.60526,0.3859558,4.0308,1.251346,0.5818481,3.57124,0.4644292,0.5915527,4.375978,0.3620254,---,-0.178949,-0.02636988,-0.1091685,0.9774274,-0.002981742,0.03520257,0.01103146,0.9993148,-0.004948832,0.03117982,0.004209095,0.9994927,-0.005037834,0.03819393,0.003354002,0.999252,---,-0.178949,-0.02636988,-0.1091685,0.9774274,-0.002981742,0.03520257,0.01103146,0.999315,-0.004948832,0.03117982,0.004209095,0.9994927,-0.005037834,0.03819393,0.003354002,0.999252
T30.9613980026916,32.88379,14.13229,0.7261963,4.375905,3.544808,2.643066,5.287415,2.428511,5.027039,5.290405,2.700176,7.497253,---,-0.2801397,-0.1197625,-0.04084969,0.951583,0.03743647,0.03177865,-0.0242156,0.9985,-0.04699875,0.01912588,-0.04282222,0.9977934,-0.04757831,0.02046936,-0.06420625,0.9965916,---,0.4747821,-0.05579975,-0.1135699,0.8709595,0.7325177,0.03959391,0.005347885,0.6795745,0.6723133,0.04380392,-0.01675585,0.7387796,0.6710538,0.0598747,-0.03092665,0.7383397
T36.0044601196423,29.76413,12.13131,27.17822,0.220871,4.611695,0.6053555,0.6291504,5.38016,0.2701194,0.57547,6.05936,0.2252786,---,-0.2722375,0.03925836,-0.1994257,0.9405184,0.002138417,0.04022296,0.005200864,0.999175,-0.005373659,0.04694559,0.002612282,0.9988796,-0.004911073,0.05286234,0.002228581,0.9985873,---,-0.2722375,0.03925836,-0.1994257,0.9405184,0.002138417,0.04022295,0.005200863,0.9991749,-0.005373659,0.04694559,0.002612282,0.9988796,-0.004911073,0.05286234,0.002228581,0.9985873
T43.2109880940989,33.59942,4.92337,60.71487,5.640228,10.57578,0.2852591,3.536346,10.69953,3.61203,3.434631,10.3779,3.683502,---,0.269949,0.110457,-0.4726647,0.8315738,-0.04876174,0.09217023,0.007010062,0.9945239,-0.03364283,0.09217656,-0.02848808,0.9947664,-0.03273548,0.08939394,-0.02928413,0.9950274,---,-0.1433417,0.6661164,-0.5251071,0.5099066,-0.02952289,0.7684088,0.03943662,0.6380604,-0.04393319,0.7685847,0.003644953,0.6382273,-0.04385449,0.7668017,0.002440467,0.6403795
T48.8109352188185,46.2196,49.57122,63.08798,0.2102051,7.497614,1.015137,0.6274719,5.587035,0.1275225,0.6368103,6.999729,0.07664121,---,-0.5054049,0.1421892,-0.296618,0.7977255,-0.002409582,0.06536347,-0.008719725,0.9978205,-0.005415028,0.04874209,0.001378375,0.9987958,-0.005506004,0.06104893,0.001006809,0.9981191,---,-0.5054049,0.1421892,-0.296618,0.7977255,-0.002409582,0.06536347,-0.008719725,0.9978205,-0.005415028,0.04874209,0.001378375,0.9987958,-0.005506004,0.06104893,0.001006809,0.9981191
T56.4392293328419,57.32184,73.97205,76.43781,2.161045,3.676605,3.340454,4.871582,2.37388,7.120819,4.792023,2.468861,7.880981,---,-0.6275945,0.1777291,-0.2069288,0.7291901,0.01977467,-0.03151013,-0.02852201,0.9989007,-0.04369375,0.01801717,-0.06115275,0.9970089,-0.04317664,0.01860124,-0.06774575,0.9965944,---,0.07427189,-0.1158533,0.008415925,0.9904498,0.6817263,-0.2669017,0.2364337,0.6388363,0.6344555,-0.2298919,0.2297855,0.701295,0.6361486,-0.2249511,0.2258878,0.7026285
T61.830749345012,43.59482,66.48125,72.66107,0.2056619,1.151001,2.813633,0.3432617,1.250359,0.4147585,0.5823669,1.937784,0.1948853,---,-0.5517299,0.2260345,-0.2960995,0.7462089,0.001547507,-0.01008534,0.02456785,0.9996461,-0.002955774,0.01092194,0.003651895,0.9999293,-0.005110164,0.01690067,-0.001614601,0.9998428,---,-0.5517299,0.2260345,-0.2960995,0.7462089,0.001547508,-0.01008534,0.02456785,0.9996462,-0.002955774,0.01092194,0.003651895,0.9999293,-0.005110164,0.01690067,-0.001614601,0.9998428
T70.0882650809363,39.59225,85.06362,90.48227,3.232758,125.2327,17.02292,4.641663,66.08974,2.467621,1.990387,21.9276,0.8071169,---,-0.6273726,0.270645,-0.3311294,0.6507751,-0.1185391,0.8797379,-0.09281906,0.4509927,-0.04566868,0.5439911,0.004041956,0.8378375,-0.01571163,0.1902754,0.01021696,0.9815519,---,-0.6273726,0.270645,-0.3311294,0.6507751,-0.1185391,0.8797378,-0.09281905,0.4509927,-0.04566868,0.5439911,0.004041956,0.8378374,-0.01571163,0.1902754,0.01021696,0.9815519
T75.688302484341,53.14219,90.68175,20.19208,42.55784,178.2657,170.3536,73.16208,18.08838,14.13381,26.72213,4.007167,0.769771,---,0.1980184,0.6814376,-0.423445,0.5631393,0.9288806,0.07286719,-0.0164578,0.3627677,0.5996086,0.05286361,0.004594512,0.7985324,0.2311688,0.03246356,-0.001547422,0.9723707,---,-0.341829,0.6218693,0.09877878,0.6976205,0.6052928,0.7083426,0.244878,0.2681529,0.3866071,0.4613675,0.5678965,0.5613989,0.1405058,0.1864162,0.6864758,0.6886641
T79.957356360741,36.94095,90.67601,119.7941,11.97765,141.8952,14.55957,3.44342,96.11659,4.444275,2.222809,27.10766,0.4734244,---,-0.6953316,0.1457013,-0.4637703,0.5293413,-0.0853359,0.9367998,-0.1389622,0.3095375,-0.0488943,0.7421517,-0.003572385,0.6684365,-0.01788805,0.2343906,0.008561269,0.9719402,---,-0.6953316,0.1457013,-0.4637703,0.5293413,-0.08533588,0.9367996,-0.1389622,0.3095375,-0.04889431,0.7421518,-0.003572385,0.6684366,-0.01788805,0.2343906,0.008561269,0.9719402
T84.6473729507998,62.09219,158.5768,98.59826,62.03688,16.12353,105.8795,1.322174,2.332733,105.6062,0.08189944,1.99113,33.70789,---,-0.700716,-0.4762909,-0.2097263,0.4880154,0.2115782,0.4795885,-0.7206831,0.4537019,-0.02318728,0.003116423,-0.7962028,0.6045774,-0.004353686,0.01683589,-0.2899012,0.9568986,---,-0.150402,-0.1884896,-0.4850874,0.84056,0.4704241,0.8487201,-0.1704796,0.1712073,0.4111049,0.565204,-0.5607967,0.4438967,0.673551,0.2168958,-0.1930863,0.679708
T90.1072447197512,25.40878,99.54692,126.3011,6.886618,134.0048,15.15497,3.48877,103.7492,4.877106,2.406769,31.93019,0.3440863,---,-0.7286586,0.2096729,-0.4862486,0.4343459,-0.09790678,0.9139298,-0.106231,0.3792911,-0.05223173,0.784785,-0.00233159,0.6175589,-0.01936562,0.2750505,0.008662726,0.9611957,---,-0.7286586,0.2096729,-0.4862486,0.4343459,-0.09790677,0.9139296,-0.106231,0.3792911,-0.05223173,0.784785,-0.00233159,0.6175589,-0.01936562,0.2750505,0.008662726,0.9611957
T96.5495647648349,45.98629,46.86597,143.6434,2.550751,114.2757,7.663025,0.5034685,96.14275,7.65033,3.037903,32.30238,5.866333,---,0.4596238,0.2263088,-0.7540123,0.4110909,-0.06816629,0.8370866,-0.01759618,0.5425217,-0.04670252,0.7425091,-0.04783827,0.6664913,-0.0396574,0.276408,-0.04176999,0.9593129,---,-0.2081642,0.4507096,-0.8581703,0.1306607,-0.06064322,0.9755304,0.03575847,-0.2082888,-0.06685043,0.9963137,-0.0008031032,-0.05375268,-0.05757786,0.8737866,-0.001493821,0.4828866
T102.287268896587,21.12665,102.406,132.0779,0.7153931,105.8538,21.56201,4.593079,52.25536,2.082611,3.054382,46.33714,0.296936,---,-0.7467836,0.2061864,-0.5048395,0.380708,-0.1529398,0.7830648,-0.1078681,0.5931134,-0.04396737,0.4392928,0.001340265,0.8972664,-0.02552098,0.3932331,0.008104141,0.9190488,---,-0.7467836,0.2061864,-0.5048395,0.380708,-0.1529398,0.7830647,-0.1078681,0.5931133,-0.04396737,0.4392928,0.001340265,0.8972664,-0.02552098,0.3932331,0.008104141,0.9190488
T108.517167792656,26.16968,145.537,154.4477,37.99104,42.38406,3.447296,2.658722,2.531139,10.53055,1.462555,5.466608,49.90021,---,-0.9221148,0.1403278,-0.2335796,0.2746873,0.3136262,-0.3325264,0.09109381,0.8847411,-0.02512248,0.019859,-0.09120975,0.9953167,-0.03167283,0.03785552,-0.4207628,0.905827,---,-0.3977187,-0.07958556,-0.2361123,0.8830273,0.8482022,-0.4312857,0.1665524,0.2584679,0.6531173,-0.2035697,0.2159206,0.696689,0.6746827,0.04592119,-0.01360179,0.7365525
T112.787282471545,9.972534,106.9671,141.2987,0.6162109,152.5614,5.915741,5.383453,39.09703,0.9123523,3.198669,45.72203,1.046441,---,-0.7725522,0.2164941,-0.5361672,0.2623319,0.05140231,-0.9700952,0.007020904,-0.2371157,-0.04159265,0.3345775,0.02320774,0.9411639,-0.0221703,0.3885644,0.01925372,0.9209536,---,-0.7725523,0.2164941,-0.5361673,0.2623319,0.05140231,-0.9700952,0.007020903,-0.2371157,-0.04159265,0.3345775,0.02320774,0.9411639,-0.0221703,0.3885644,0.01925372,0.9209536
T120.139337589033,2.715109,110.7746,148.0343,0.2736209,0.04838321,0.182136,0.1257629,1.090617,0.1558363,0.8336487,14.54085,0.2000732,---,-0.787269,0.2394893,-0.551284,0.1376171,-0.002388458,-0.0004184262,-0.001588423,-0.9999958,-0.001084546,0.009518762,0.001370311,0.9999532,-0.007437308,0.1265365,-0.0008113127,0.9919338,---,-0.787269,0.2394893,-0.551284,0.1376171,-0.002388458,-0.0004184261,-0.001588423,-0.9999958,-0.001084546,0.009518762,0.001370311,0.9999532,-0.007437308,0.1265365,-0.0008113127,0.9919338
