T19.3627580292523,7.107635,15.07228,5.697021,0.1217041,0.2720749,0.1300354,0.007500838,0.08175659,0.01163387,0.05126953,0.1157227,0.1044417,---,-0.06787973,0.1276838,-0.04105184,0.9886374,-0.001064723,0.002373091,-0.001132333,0.9999959,6.538469E-05,-0.0007135713,0.0001015714,0.9999998,-0.0004484019,-0.001009471,0.0009109736,0.999999,---,-0.06787973,0.1276838,-0.04105184,0.9886374,-0.001064723,0.002373091,-0.001132333,0.9999961,6.538469E-05,-0.0007135713,0.0001015714,0.9999998,-0.0004484019,-0.001009471,0.0009109736,0.999999
T35.5975102670491,13.27869,28.2629,17.93488,0.1144104,4.417906,0.09790039,0.4538574,4.543191,0.3111271,0.4327393,4.543482,0.3766604,---,-0.1485507,0.2220693,-0.1222594,0.9558612,-0.001030608,0.03854307,-0.0008150985,0.9992561,-0.003849867,0.03964673,0.002869922,0.9992023,-0.003642998,0.03965088,0.003434057,0.9992011,---,-0.1485507,0.2220693,-0.1222594,0.9558612,-0.001030608,0.03854307,-0.0008150985,0.9992561,-0.003849867,0.03964673,0.002869922,0.9992023,-0.003642998,0.03965088,0.003434057,0.9992011
T50.7883738167584,24.10852,29.48957,14.69293,2.990869,0.513786,0.06950042,4.190308,1.29459,0.5296962,4.58905,1.356983,0.7547378,---,0.168476,0.2726833,-0.1736473,0.9311855,0.02609974,0.004466258,0.0004892828,0.9996493,-0.03650426,0.0114585,0.005032081,0.9992552,-0.03995466,0.01209556,0.007054625,0.9991034,---,-0.07368566,0.3119467,0.5356604,0.7812347,0.01529718,0.02161343,0.7072048,0.7065128,-0.03391479,-0.01771003,0.7101383,0.7030219,-0.03680506,-0.01969936,0.7114611,0.7014844
T59.4045801088214,32.21228,32.81384,34.82227,0.003620642,3.880113,0.6549392,0.3093872,4.105401,0.1816508,0.3243103,3.818965,0.1674584,---,-0.3351292,0.1793067,-0.2010066,0.9028476,0.0001619109,0.03385353,0.005713185,0.9994105,-0.002641515,0.03582282,0.00168089,0.9993533,-0.00277989,0.03332455,0.001554835,0.9994395,---,-0.3351292,0.1793067,-0.2010066,0.9028476,0.0001619109,0.03385353,0.005713185,0.9994104,-0.002641515,0.03582282,0.00168089,0.9993533,-0.00277989,0.03332455,0.001554835,0.9994395
T68.6364537812769,48.31519,10.78641,31.75983,9.833041,2.786334,2.716217,0.04165649,1.572361,8.539215,0.1733093,1.509999,9.33194,---,-0.3684219,-0.1939695,-0.2855513,0.8631927,0.08508066,0.0262474,-0.02569031,0.995697,-0.001383976,0.01365587,-0.0744378,0.9971312,-0.002579134,0.01301015,-0.08131964,0.9965999,---,0.3498558,0.06475808,-0.3390724,0.870883,0.7642252,0.0367255,0.0003939234,0.643903,0.7040997,0.06229164,-0.04297932,0.7060569,0.7028788,0.06670123,-0.0483021,0.7065262
T79.2758111022413,33.32852,55.57955,45.5722,0.1177684,3.644057,0.4282935,0.3243713,3.552948,0.2569832,0.3476868,3.701019,0.235446,---,-0.4068734,0.3135386,-0.2049707,0.8331475,0.001146032,0.03179095,0.003702989,0.999487,-0.002759683,0.03100649,0.002329262,0.9995127,-0.002966089,0.03229788,0.002151546,0.9994716,---,-0.4068734,0.3135386,-0.2049707,0.8331475,0.001146032,0.03179095,0.003702989,0.999487,-0.002759683,0.03100649,0.002329262,0.9995127,-0.002966089,0.03229788,0.002151546,0.9994716
T92.8564538806677,42.58411,33.53196,50.18561,4.980927,11.19641,0.8176575,2.592987,12.06348,5.789276,2.325653,12.00059,5.956024,---,0.2008892,0.3908557,-0.4732029,0.7635146,-0.04394003,0.09714852,-0.002855715,0.9942954,-0.02777719,0.1037822,-0.04783244,0.9930608,-0.02558488,0.1033224,-0.049539,0.993084,---,-0.1925549,0.816263,-0.4766551,0.2635096,-0.03308959,0.7717674,0.02905099,0.6343786,-0.05346408,0.7755851,-0.01418121,0.6288149,-0.0531206,0.7752764,-0.01693812,0.6291565
T103.63581494242,28.11804,79.99835,58.59708,0.1102617,2.711352,0.2986428,0.3696289,3.871621,0.06736787,0.4162598,4.183348,0.0008590723,---,-0.4674136,0.4526976,-0.2274768,0.7244611,0.001023601,0.0236562,0.002582651,0.9997163,-0.003203933,0.03378155,0.0006965183,0.9994239,-0.003629852,0.03649827,0.0001400742,0.9993271,---,-0.4674136,0.4526976,-0.2274768,0.7244611,0.001023601,0.0236562,0.002582651,0.9997163,-0.003203933,0.03378155,0.0006965183,0.9994239,-0.003629852,0.03649827,0.0001400742,0.9993271
T114.97643846646,25.95715,71.30346,101.1426,7.246512,4.964233,2.036591,0.1681824,0.9909586,4.364227,0.124115,0.9974266,4.772644,---,-0.5546116,0.219765,-0.5284739,0.6040072,0.06389445,-0.04209226,-0.01498305,0.9969561,-0.001795896,0.008585474,-0.03806167,0.9992369,-0.001444494,0.008651434,-0.04162599,0.9990948,---,0.1158052,0.1752906,-0.1883075,0.9593762,0.7084783,-0.2701946,0.2497778,0.6022161,0.659586,-0.2404038,0.2506494,0.6665788,0.6606693,-0.2378987,0.2484206,0.6672388
T123.866536039859,19.88794,111.4636,84.31171,0.06807318,3.508023,0.4467993,0.4554138,4.651184,0.1404783,0.3809204,4.470774,0.1110492,---,-0.6183941,0.5381747,-0.2664322,0.5069227,0.0007131117,0.03060594,0.003879039,0.9995238,-0.003921147,0.0405826,0.001386149,0.9991676,-0.003283705,0.03900795,0.001097998,0.9992329,---,-0.6183941,0.5381747,-0.2664322,0.5069227,0.0007131116,0.03060594,0.003879039,0.9995237,-0.003921147,0.0405826,0.001386149,0.9991676,-0.003283705,0.03900795,0.001097998,0.9992329
T134.019786208868,12.75543,121.5133,93.35785,7.724072,148.3076,10.68433,4.772125,74.32766,2.023193,1.267059,11.74573,1.716622,---,-0.6681025,0.5554616,-0.2867095,0.4036075,-0.07105015,0.9573568,-0.08987788,0.2652203,-0.04382821,0.6028926,0.01108912,0.7965404,-0.009465026,0.1024685,0.01603149,0.994562,---,-0.6681025,0.5554616,-0.2867095,0.4036075,-0.07105014,0.9573568,-0.08987787,0.2652203,-0.04382821,0.6028926,0.01108912,0.7965404,-0.009465026,0.1024685,0.01603149,0.994562
T144.517028436065,45.5345,158.7705,58.52698,40.48305,176.0389,170.95,65.11734,168.5044,166.136,10.18118,2.358521,1.828351,---,0.5052139,0.755798,-0.2487964,0.3341086,0.9357026,0.06205782,0.00504541,0.347252,0.8389782,0.04770926,0.01916837,0.5417306,0.08902767,0.01908137,0.01406251,0.9957471,---,-0.1771897,0.8916701,0.06032485,0.412176,0.6177602,0.7055232,0.2491119,0.2419766,0.5595116,0.6269827,0.3966155,0.3695073,0.0494595,0.07644463,0.7140432,0.6941558
T153.269366964698,11.82352,140.7366,119.0995,1.028207,153.0432,6.708862,2.783905,139.0666,4.684052,1.179932,7.807689,1.68332,---,-0.8251777,0.4449617,-0.2389277,0.2529911,-0.0548108,0.9708751,-0.02234803,0.2321592,-0.04676075,0.9354697,0.008454759,0.3501976,-0.009271726,0.06822218,0.0153553,0.9975089,---,-0.8251777,0.4449617,-0.2389277,0.2529911,-0.0548108,0.9708751,-0.02234803,0.2321592,-0.04676075,0.9354697,0.008454759,0.3501976,-0.009271726,0.06822218,0.0153553,0.9975089
T162.85915215686,32.33481,123.7905,157.9206,62.80565,12.12137,11.3852,0.6518655,2.187108,38.56152,1.08609,2.480752,17.96497,---,-0.8064077,-0.2909741,-0.491114,0.1544273,0.5245229,0.03827741,0.02944671,0.8500256,-0.0009331733,0.01989224,-0.3302344,0.9436889,0.00597971,0.02285997,-0.1562916,0.9874283,---,-0.4610198,0.1415202,-0.5530198,0.679413,0.9719524,0.006244244,0.04788818,0.2301651,0.666629,0.247577,-0.2194451,0.6679487,0.7024456,0.1266793,-0.09435041,0.693989
T171.045624468476,12.13419,147.6262,120.3126,1.756989,154.0596,7.139099,3.423798,122.0059,4.272552,1.685333,18.66292,1.458244,---,-0.8136728,0.5007879,-0.2909597,0.04990705,-0.05722989,0.9726963,-0.02888412,0.2230523,-0.04706067,0.873107,0.008048602,0.4851854,-0.01244789,0.1622997,0.01493994,0.9865499,---,-0.8136728,0.5007879,-0.2909597,0.04990705,-0.05722988,0.9726962,-0.02888412,0.2230523,-0.04706067,0.873107,0.008048602,0.4851854,-0.01244789,0.1622997,0.01493994,0.9865499
T192.674670413136,52.73326,90.38495,96.91166,9.191498,124.1993,14.98346,0.04794312,120.4648,7.379639,3.708801,32.17697,5.440552,---,0.2681983,0.6558231,-0.6815452,-0.1829262,-0.1520304,0.8685129,0.009392179,0.4716821,-0.05607038,0.8662335,-0.03158877,0.4954774,-0.04420265,0.2751886,-0.03661966,0.9596751,---,-0.2922804,0.3343886,-0.6715701,-0.5930853,-0.1008604,0.9476608,0.114143,-0.2806017,-0.06198438,0.962875,0.01731111,-0.2621641,-0.05715,0.8731806,0.005361984,0.4840051
T201.704486519098,46.66371,178.7133,90.88184,7.76977,149.2938,10.41699,4.038635,105.082,4.095886,2.97287,40.0251,0.9304653,---,-0.6510997,0.6473966,-0.2852196,-0.2749486,-0.06947485,0.9597526,-0.08904475,0.2571366,-0.04976592,0.7920235,0.006231735,0.6084269,-0.02159526,0.3422974,0.01650403,0.9391984,---,-0.6510997,0.6473966,-0.2852196,-0.2749486,-0.06947484,0.9597526,-0.08904474,0.2571366,-0.04976592,0.7920235,0.006231735,0.6084269,-0.02159526,0.3422974,0.01650403,0.9391984
T211.08906859532,52.01038,81.09229,161.7472,41.74366,40.69479,14.87259,1.908778,0.6076767,78.93146,2.973699,0.8197596,41.64136,---,-0.629694,0.2362859,-0.6290942,-0.3897371,0.373287,-0.2789281,0.00945503,0.884741,0.00948851,0.01468031,-0.6355876,0.7718309,0.02171057,0.01590694,-0.355489,0.9342929,---,-0.5596822,0.5004049,-0.5324705,0.3909295,0.8947653,-0.3267938,0.1643782,0.2560875,0.6784378,0.2185196,-0.1942037,0.6739854,0.7164296,-0.004316928,0.03685002,0.6966721
T219.346401933581,60.61307,144.47,73.30582,43.53653,152.6094,9.719189,4.460754,125.9635,3.683777,3.153137,51.13002,0.2998378,---,-0.6143314,0.5676861,-0.2282896,-0.49821,-0.01105035,0.9064821,0.377641,0.1885615,-0.04628211,0.8891588,0.02006216,0.4548102,-0.0236905,0.4314351,0.01423226,0.9017206,---,-0.6143314,0.5676861,-0.2282896,-0.49821,-0.01105035,0.906482,0.3776409,0.1885615,-0.04628211,0.8891588,0.02006216,0.4548102,-0.0236905,0.4314351,0.01423226,0.9017206
T229.637056764215,63.96677,121.2396,62.83286,0.06832606,0.1601868,0.002282171,0.3354797,3.794879,0.001184929,0.9213562,12.82574,0.2766113,---,-0.6070279,0.4953039,-0.1769765,-0.5957102,0.0005962289,-0.001397823,2.074913E-05,0.9999989,-0.00292554,0.0331104,0.0001072653,0.9994475,-0.008259488,0.1116689,-0.001500635,0.99371,---,-0.6070279,0.4953039,-0.1769765,-0.5957102,0.000596229,-0.001397823,2.074913E-05,0.999999,-0.00292554,0.0331104,0.0001072653,0.9994475,-0.008259488,0.1116689,-0.001500635,0.99371
