T2.44154835864902,1.805511,1.755707,1.824127,0.02572632,0.07643462,0.09967041,0.1751617,0.1733093,0.3677329,0.1913463,0.1361389,0.3389405,---,-0.01599546,0.01506623,-0.01567264,0.9996358,-0.0002251849,0.0006668222,-0.0008696021,0.9999994,0.001523711,-0.00151733,0.003211374,0.9999925,0.001666288,-0.00119306,0.002959787,0.9999936,---,-0.01599546,0.01506623,-0.01567264,0.9996358,-0.0002251848,0.0006668222,-0.000869602,0.9999993,0.001523711,-0.00151733,0.003211374,0.9999925,0.001666288,-0.00119306,0.002959787,0.9999936
T19.2366378568113,13.87457,13.7992,13.49786,0.2411499,2.648657,0.1587331,0.2247925,2.276091,0.6035171,0.2125244,2.279976,0.560556,---,-0.1330915,0.1043327,-0.1014045,0.9803666,-0.002071718,0.02311468,0.001433468,0.9997297,-0.001856797,0.01987135,0.005304571,0.9997868,-0.001756855,0.01990403,0.004927674,0.9997882,---,-0.1330915,0.1043327,-0.1014045,0.9803666,-0.002071718,0.02311467,0.001433468,0.9997296,-0.001856797,0.01987135,0.005304571,0.9997868,-0.001756855,0.01990403,0.004927674,0.9997882
T27.9144767820835,15.77422,21.3912,18.70654,2.187207,0.07956489,3.485535,5.333268,1.364569,4.113159,3.549635,1.323222,4.103851,---,0.1031679,0.2033055,-0.1833156,0.9562525,0.01905588,0.001274329,-0.03041991,0.9993547,0.04606461,0.01355676,-0.03639861,0.9981831,0.03053629,0.01264295,-0.03614299,0.9988,---,-0.07080795,0.2167094,0.5465489,0.8057963,0.01257346,0.01437563,0.6851404,0.7281606,0.02298652,0.04215867,0.6800843,0.7315597,0.0126525,0.03053234,0.6807013,0.7318152
T34.2171046771109,26.75681,12.95684,18.76666,0.3305664,1.859083,2.498317,0.158783,3.360507,0.3036736,0.1575623,2.825013,0.4905867,---,-0.2447238,0.07081518,-0.1318445,0.9579732,-0.002529935,0.0162818,0.02184403,0.9996256,-0.001307374,0.02932529,0.002689537,0.9995655,-0.001268942,0.02465603,0.00431375,0.9996859,---,-0.2447238,0.07081518,-0.1318445,0.9579732,-0.002529935,0.0162818,0.02184403,0.9996256,-0.001307374,0.02932529,0.002689537,0.9995655,-0.001268942,0.02465603,0.00431375,0.9996859
T40.4479040801525,37.82492,10.74146,9.434784,4.063998,3.564283,0.4521179,5.308014,1.965145,0.5322647,5.144287,1.932629,0.9668656,---,-0.3143248,-0.1147859,-0.1076947,0.9361763,0.03531759,0.03121925,-0.005043746,0.9988757,-0.0462176,0.01734476,0.005433239,0.998766,-0.04472712,0.01722558,0.009184503,0.9988085,---,0.4397154,-0.005014224,-0.1573176,0.8842378,0.731285,0.02564181,0.01850887,0.6813384,0.6735535,0.008422716,0.01610648,0.738915,0.6746374,0.005685898,0.01867475,0.7378911
T45.9777024835348,31.10245,28.37831,25.73602,0.05659563,5.579152,0.4361309,0.2871094,4.658169,0.7888069,0.2674561,4.567119,0.8179921,---,-0.3059849,0.1723336,-0.14394,0.9251788,0.0006785293,0.04866581,0.003777403,0.9988077,-0.002223572,0.04065514,0.006979693,0.9991464,-0.002047541,0.03986061,0.007225571,0.999177,---,-0.3059849,0.1723336,-0.14394,0.9251788,0.0006785293,0.0486658,0.003777403,0.9988076,-0.002223572,0.04065514,0.006979693,0.9991464,-0.002047541,0.03986061,0.007225571,0.999177
T55.0768971070647,19.63162,18.69303,41.26282,7.22348,8.984676,1.284454,1.681061,10.36131,3.28183,2.678192,10.0143,3.341461,---,0.1010432,0.2090368,-0.3684987,0.9001682,-0.06367384,0.07746137,-0.006218386,0.9949406,-0.0171889,0.08983121,-0.02719133,0.9954374,-0.02581449,0.08654034,-0.0269976,0.9955478,---,-0.1891195,0.7843264,-0.3320163,0.4887037,-0.04942126,0.7583026,0.04062713,0.6487557,-0.03138155,0.7674007,-0.007072784,0.6403602,-0.03734379,0.7651519,-0.0008365893,0.6427653
T61.0951201878488,42.39471,45.28966,30.63809,0.09716797,1.578202,1.800427,0.2270203,2.391867,0.468164,0.2893677,2.921636,0.5580583,---,-0.4166871,0.25805,-0.09306067,0.8666728,-0.0006314302,0.01378359,0.01572123,0.9997813,-0.001895442,0.02087934,0.004125942,0.9997717,-0.002400087,0.02550523,0.004932732,0.9996597,---,-0.4166871,0.25805,-0.09306067,0.8666728,-0.0006314302,0.01378359,0.01572123,0.9997813,-0.001895442,0.02087934,0.004125942,0.9997717,-0.002400087,0.02550523,0.004932732,0.9996597
T66.9759217873216,28.5303,50.658,56.41037,10.80921,5.072937,6.87088,3.446996,0.7059445,6.889709,3.622098,0.7634929,6.998047,---,-0.3922395,0.260127,-0.3211218,0.8218047,0.09656713,-0.03834066,-0.05543805,0.9930415,0.02965126,0.007953756,-0.06024451,0.9977115,0.03113746,0.008575706,-0.06120981,0.9976023,---,0.2971321,0.05120111,0.07639275,0.9503974,0.7371975,-0.2314148,0.2335821,0.5902767,0.6853068,-0.2174026,0.2438418,0.6508701,0.6862993,-0.2159339,0.2439901,0.6502574
T72.3699655905366,50.60397,68.70496,51.87097,0.1067288,2.956529,1.875741,0.4851685,4.485213,0.3491898,0.4498596,4.599231,0.2485281,---,-0.5404272,0.3044512,-0.1095573,0.7766886,0.001353212,0.02577902,0.01633872,0.9995332,-0.004111446,0.03914323,0.003210568,0.99922,-0.003835534,0.04013319,0.002324572,0.9991843,---,-0.5404272,0.3044512,-0.1095573,0.7766886,0.001353212,0.02577901,0.01633871,0.9995331,-0.004111446,0.03914323,0.003210568,0.99922,-0.003835534,0.04013319,0.002324572,0.9991843
T83.1486867070198,50.83212,88.67056,77.7757,1.996552,107.2395,19.91458,3.511993,35.39613,0.1903992,1.177734,13.16302,1.275148,---,-0.6352246,0.2986016,-0.1721132,0.6911613,-0.1493699,0.791064,-0.08873135,0.5865434,-0.02969759,0.3038092,0.007733332,0.9522386,-0.008933926,0.1147171,0.01223153,0.9932827,---,-0.6352246,0.2986016,-0.1721132,0.6911613,-0.1493699,0.791064,-0.08873135,0.5865434,-0.02969759,0.3038092,0.007733332,0.9522386,-0.008933926,0.1147171,0.01223153,0.9932827
T89.5907124094665,38.34312,91.90188,2.611816,55.08972,173.8351,171.0994,78.13231,23.44366,20.84156,14.95943,2.499238,0.9052889,---,0.2127952,0.6839101,-0.2509398,0.6511639,0.8807674,0.0934915,-0.08336492,0.4566821,0.6354271,0.04352198,0.01158343,0.7708464,0.1303109,0.02059385,0.004992168,0.9912468,---,-0.3331285,0.6340664,0.2830012,0.6378837,0.556688,0.6889049,0.263975,0.3818708,0.4185401,0.4800895,0.5532614,0.53688,0.07758168,0.1067058,0.7044473,0.6973873
T95.6076528206468,50.71967,104.4746,105.4303,9.811967,147.8985,11.2674,2.309906,137.2439,5.110168,1.266663,11.12669,0.816889,---,-0.7272677,0.2240654,-0.2351741,0.6046235,-0.07046444,0.9551929,-0.1088331,0.2660767,-0.0488442,0.9297532,0.002503994,0.3649205,-0.01031014,0.09701625,0.0081662,0.9951959,---,-0.7272677,0.2240654,-0.2351741,0.6046236,-0.07046443,0.9551927,-0.1088331,0.2660767,-0.04884419,0.9297532,0.002503994,0.3649205,-0.01031014,0.09701625,0.0081662,0.9951959
T101.905964948237,73.34204,154.906,155.5615,62.30531,13.4136,63.7874,0.7884216,4.402595,148.1913,0.1161499,1.966618,16.06741,---,-0.7377256,-0.2925092,-0.2936811,0.5328704,-0.4890207,0.1865952,-0.3977634,-0.7535418,-0.03882323,0.003913504,-0.9609156,0.2740779,-0.003401883,0.01685107,-0.1397177,0.9900422,---,-0.1448544,0.0008286618,-0.4144991,0.898447,-0.8786243,0.4132039,-0.1493184,-0.1870446,0.1663501,0.6822372,-0.6767027,0.2212545,0.69766,0.1107108,-0.0868798,0.702471
T107.645785428584,32.67047,115.6796,114.2362,5.074231,134.1888,14.21436,2.616547,135.1268,5.203552,1.447388,13.29126,1.103708,---,-0.7635162,0.3153289,-0.2996991,0.4772747,-0.09676118,0.9153054,-0.08857129,0.3807996,-0.05065181,0.9227135,0.003761123,0.3821258,-0.01143041,0.1158345,0.01102767,0.9931415,---,-0.7635162,0.3153289,-0.2996991,0.4772747,-0.09676118,0.9153054,-0.08857129,0.3807996,-0.05065181,0.9227135,0.003761123,0.3821258,-0.01143041,0.1158345,0.01102767,0.9931415
T115.635614518076,57.10958,9.750977,126.793,3.573914,113.3338,8.81311,0.2586975,102.9829,7.010529,3.276306,42.13308,5.434143,---,0.2800286,0.3924149,-0.7643315,0.4282429,-0.08124691,0.8312987,-0.01622338,0.5496165,-0.04924609,0.7809633,-0.03630443,0.6215732,-0.04367905,0.3576365,-0.03395352,0.9322207,---,-0.3424538,0.5802927,-0.7384741,0.02533421,-0.06892189,0.9764544,0.04597858,-0.1991794,-0.06049335,0.991743,0.009151137,-0.1127058,-0.05489452,0.9120668,0.006876988,0.4062924
T122.276098407805,19.42505,125.0395,116.6992,9.405499,142.3457,12.96936,2.265289,135.7023,4.950348,3.060944,45.44075,0.2637823,---,-0.7852418,0.3925872,-0.3086436,0.3660734,-0.0802462,0.9402629,-0.1134272,0.3108062,-0.04743726,0.9248408,0.002012646,0.3773793,-0.02374719,0.386152,0.01243829,0.9220456,---,-0.7852418,0.3925872,-0.3086436,0.3660734,-0.08024619,0.9402629,-0.1134271,0.3108062,-0.04743726,0.9248407,0.002012646,0.3773793,-0.02374719,0.386152,0.01243829,0.9220456
T128.434733282775,13.3024,114.8336,132.4136,43.01261,38.99789,24.2666,1.207153,2.432281,98.41339,4.376837,1.634735,53.49893,---,-0.7909697,0.2805791,-0.4500636,0.3050985,0.4031318,-0.2309769,-0.06470282,0.8831466,0.02294805,-0.005892269,-0.7567129,0.653318,0.04051176,0.004456022,-0.4492297,0.8924863,---,-0.2715485,0.1807214,-0.2421969,0.9137516,0.9203122,-0.2385149,0.1549024,0.2685914,0.6481516,0.3199203,-0.3151995,0.6149796,0.7298652,0.06584182,-0.03809493,0.6793456
T134.595430199057,4.622986,131.9534,123.9346,24.83035,29.32932,8.933319,3.831848,96.23502,3.658173,2.915436,47.49948,0.0671393,---,-0.8132824,0.4144238,-0.3417405,0.223692,-0.2266136,0.2302922,-0.01931735,0.9461705,-0.04605883,0.7430079,0.003581793,0.6676863,-0.02304898,0.4026258,0.01078157,0.915011,---,-0.8132824,0.4144238,-0.3417405,0.223692,-0.2266136,0.2302922,-0.01931735,0.9461704,-0.04605883,0.7430079,0.003581793,0.6676863,-0.02304898,0.4026257,0.01078157,0.9150109
T142.437583900988,8.550468,132.1511,138.0445,0.1245606,1.278412,0.600315,0.05648674,1.661218,0.1131872,0.4665833,12.21881,0.01913452,---,-0.8402974,0.3545627,-0.401995,0.08115242,0.00102847,-0.01116158,0.005250511,0.9999234,0.0005072065,0.01449586,0.0009804945,0.9998943,-0.004066452,0.1064257,0.0002672382,0.9943123,---,-0.8402974,0.3545627,-0.401995,0.08115242,0.00102847,-0.01116158,0.00525051,0.9999233,0.0005072065,0.01449586,0.0009804945,0.9998943,-0.004066452,0.1064257,0.0002672382,0.9943123
