T2.32538884319365,3.520142,1.393942,2.527344,0.2730713,0.01278687,0.0409358,2.371765,0.7598341,0.749294,1.209473,0.849362,0.9365824,---,-0.03097272,0.01147813,-0.02166791,0.9992194,-0.002383067,-0.000110828,0.0003569651,0.9999971,-0.02065196,0.006764518,0.006674462,0.9997416,-0.0104931,0.007497613,0.008250679,0.9998828,---,-0.03097272,0.01147813,-0.02166791,0.9992194,-0.002383067,-0.000110828,0.0003569651,0.9999971,-0.02065196,0.006764518,0.006674462,0.9997416,-0.0104931,0.007497613,0.008250679,0.9998828
T8.11833874695003,11.29266,4.603945,10.29498,0.5555115,3.76355,0.4087077,0.392334,4.049798,0.1001086,0.4136963,3.615229,0.01928711,---,-0.101498,0.03098992,-0.08527654,0.9906895,-0.004728097,0.03285395,0.003723864,0.999442,-0.003390809,0.03533657,0.0009940378,0.9993692,-0.003613662,0.03154278,-5.431386E-05,0.9994959,---,-0.101498,0.03098992,-0.08527654,0.9906895,-0.004728097,0.03285395,0.003723864,0.999442,-0.003390809,0.03533657,0.0009940378,0.9993692,-0.003613662,0.03154278,-5.431386E-05,0.9994959
T12.9490449484438,4.192387,15.47904,21.11285,0.8943437,0.1457825,0.4608893,4.580406,1.400291,0.09329224,0.9341626,1.163816,0.1434937,---,0.01097519,0.1389418,-0.186256,0.9725654,0.007799356,-0.001303437,0.00403181,0.9999607,0.039948,0.01224231,-0.001301832,0.9991259,0.008138873,0.0101659,-0.001334875,0.9999143,---,-0.09048607,0.1060073,0.5560047,0.8194105,0.006436647,0.004593308,0.7099299,0.704228,0.01959088,0.03690412,0.7055682,0.7074093,-0.001433325,0.01294343,0.7061023,0.7079901
T17.4273542109877,19.7811,4.694682,30.08954,0.3306885,2.004513,0.9374998,0.2294922,1.942798,0.2761314,0.2751465,2.170677,0.3455421,---,-0.1762131,-0.005583018,-0.2487073,0.9523983,-0.002742285,0.01751473,0.008230331,0.999809,-0.001961605,0.01695804,0.002443301,0.9998513,-0.002343534,0.01894869,0.00306035,0.999813,---,-0.1762131,-0.005583018,-0.2487073,0.9523983,-0.002742285,0.01751473,0.008230331,0.999809,-0.001961605,0.01695804,0.002443301,0.9998513,-0.002343534,0.01894869,0.00306035,0.999813
T23.0976179149002,29.05606,32.55212,7.308258,10.2143,3.601321,2.073334,0.3108471,1.479919,12.96356,0.1821682,1.476313,16.23584,---,-0.2230192,-0.2860996,-0.1293857,0.9228591,0.08839379,0.03290216,-0.02080823,0.9953246,0.001237221,0.01313797,-0.1129124,0.9935173,-0.0002455475,0.01297826,-0.1412193,0.9898933,---,0.4948615,-0.1108135,-0.2937924,0.8102583,0.7663046,0.03797898,0.008551706,0.6412969,0.7033977,0.08913106,-0.07055116,0.701648,0.6997866,0.1090341,-0.09068009,0.7001339
T27.2314954008907,21.22177,29.83656,46.97845,0.2068726,4.428745,0.765138,0.7852478,11.39277,0.02801241,0.8396912,13.38241,0.04901123,---,-0.2640428,0.1611515,-0.3350798,0.8899625,0.002061904,0.0386255,0.00660229,0.9992298,-0.006794378,0.09925627,0.0009233976,0.9950383,-0.007327612,0.116512,0.0004291233,0.9931622,---,-0.2640428,0.1611515,-0.3350798,0.8899625,0.002061904,0.0386255,0.00660229,0.9992298,-0.006794378,0.09925627,0.0009233976,0.9950383,-0.007327611,0.116512,0.0004291233,0.9931622
T32.2042685020715,39.20464,13.13548,36.30582,5.608978,11.44992,0.1600647,1.999207,9.656119,3.78009,1.93045,10.74449,3.907349,---,0.2831302,0.2062233,-0.3280341,0.8773271,-0.0488232,0.09956562,0.003492599,0.9938264,-0.02014964,0.08353392,-0.03139208,0.9958065,-0.01995333,0.09298661,-0.03236048,0.9949413,---,-0.03175189,0.7661859,-0.4321584,0.4745421,-0.03205357,0.7731448,0.03699285,0.6323378,-0.03644549,0.7632089,-0.007949602,0.6450741,-0.03699145,0.7692812,-0.00877318,0.6377783
T37.5171385128051,29.40884,50.33298,59.26923,0.06973267,4.040753,0.3033875,0.4784851,5.915832,0.2069878,0.5154724,6.694338,0.0593562,---,-0.4030726,0.2439221,-0.3390497,0.8142971,-0.0005147874,0.0352564,0.002667359,0.9993746,-0.004076725,0.05160944,0.002019352,0.998657,-0.004460373,0.05838763,0.0007797282,0.9982837,---,-0.4030726,0.2439221,-0.3390497,0.8142971,-0.0005147874,0.0352564,0.002667359,0.9993746,-0.004076725,0.05160944,0.002019352,0.998657,-0.004460373,0.05838763,0.0007797282,0.9982837
T42.2078490387648,55.76099,56.67337,81.24991,7.791673,3.994171,5.179993,0.06768799,1.325076,10.21423,0.1134949,1.603734,17.34332,---,-0.5855707,0.05044697,-0.3380987,0.7350179,0.06940329,-0.03166426,-0.04269149,0.9961717,-0.001617713,0.01146472,-0.08900513,0.9959639,-0.003089137,0.01368545,-0.1507433,0.9884734,---,0.1754691,-0.103519,-0.1474774,0.9678558,0.7162409,-0.2435778,0.2397673,0.6084245,0.6705703,-0.2043086,0.2184124,0.6788886,0.6808209,-0.1608966,0.1771057,0.6922635
T46.554793452844,26.95786,71.52973,78.09433,0.1709915,4.204065,0.7223277,0.5717468,5.078301,0.1207389,0.7572021,8.856442,0.01442039,---,-0.5049307,0.3222595,-0.3912835,0.6986352,0.001722353,0.036669,0.006244478,0.9993066,-0.004937781,0.04430671,0.001273636,0.999005,-0.006578336,0.07720926,0.0006356505,0.996993,---,-0.5049307,0.3222595,-0.3912835,0.6986352,0.001722353,0.036669,0.006244478,0.9993066,-0.004937781,0.04430671,0.001273636,0.999005,-0.006578336,0.07720926,0.0006356505,0.996993
T51.2369869593531,26.65289,81.22007,90.961,8.8255,90.2769,20.51492,4.219177,40.48407,1.09314,0.8924255,10.16573,0.9677274,---,-0.5742985,0.3193292,-0.4215164,0.6249273,-0.1792518,0.6857526,-0.07157367,0.7017759,-0.03783421,0.345407,0.003791419,0.9376824,-0.007008777,0.08865606,0.009101401,0.9959961,---,-0.5742985,0.3193292,-0.4215164,0.6249273,-0.1792518,0.6857525,-0.07157367,0.7017758,-0.03783421,0.345407,0.003791419,0.9376824,-0.007008777,0.08865606,0.009101401,0.9959961
T58.2401761878282,65.17374,95.16147,28.03491,46.875,178.1653,169.7167,85.08549,97.99149,94.86308,21.6001,3.172163,1.078128,---,0.2018171,0.6914884,-0.5234206,0.4551315,0.9142563,0.07587124,-0.02101073,0.3974136,0.7095871,0.04941056,0.01084228,0.7027996,0.1875579,0.02542507,0.004051829,0.9819161,---,-0.3462499,0.6316624,-0.04828764,0.6919408,0.5928278,0.7001259,0.266157,0.2958707,0.4668153,0.5366924,0.504621,0.4892877,0.1146452,0.1506017,0.6971846,0.6914545
T62.9276396799833,22.18073,98.1291,123.1538,8.486347,145.3724,12.34482,2.215576,122.9899,5.442413,1.988007,24.82758,0.7004938,---,-0.7119662,0.2420207,-0.4962994,0.4338399,-0.08047535,0.9489205,-0.1021386,0.2874738,-0.05092926,0.877182,-0.005682702,0.4774157,-0.01562802,0.2150376,0.009698307,0.9764326,---,-0.7119662,0.2420207,-0.4962994,0.4338399,-0.08047535,0.9489205,-0.1021386,0.2874738,-0.05092926,0.8771819,-0.005682701,0.4774156,-0.01562802,0.2150376,0.009698307,0.9764326
T68.3888761792332,66.04376,162.6134,119.4606,62.54234,20.04524,179.937,1.181885,1.659232,79.64844,0.3527139,1.487489,35.79163,---,-0.6743098,-0.4889273,-0.3809938,0.4013728,-0.1490338,0.5110855,-0.8416267,-0.09080312,-0.01719254,0.004514981,-0.6402185,0.7679872,-0.001059867,0.01329809,-0.3072979,0.9515198,---,-0.1929956,-0.07632054,-0.6151271,0.7606226,-0.1695903,0.9565119,-0.233728,0.04117528,0.5308921,0.4558955,-0.4495103,0.555206,0.6720767,0.2266956,-0.2078893,0.6735756
T72.7962995748967,4.247559,110.9173,116.415,9.331383,148.5833,11.72739,3.875397,94.37372,4.425995,2.649902,38.13576,0.07504907,---,-0.7107171,0.4158132,-0.4655159,0.3244621,-0.07611351,0.956692,-0.1054619,0.2604322,-0.05127266,0.7317204,-0.001442165,0.6796722,-0.02164014,0.326615,0.008172747,0.9448744,---,-0.7107171,0.4158132,-0.4655159,0.3244621,-0.07611351,0.956692,-0.1054619,0.2604321,-0.05127267,0.7317205,-0.001442165,0.6796722,-0.02164014,0.3266149,0.008172746,0.9448743
T78.4678955916315,76.1021,31.04285,129.9868,6.960175,118.3994,13.40741,0.2616882,107.291,7.390656,2.884064,45.27268,6.063965,---,0.442019,0.4491357,-0.6178952,0.4702148,-0.130955,0.847883,-0.007879961,0.5136956,-0.05325719,0.803601,-0.03636968,0.5916641,-0.04354556,0.3829918,-0.03913109,0.9218947,---,-0.1243633,0.650079,-0.7494725,0.01490517,-0.0981711,0.9627813,0.08702715,-0.2363062,-0.06337576,0.9866014,0.01194128,-0.149862,-0.05846122,0.9226941,0.003121499,0.3810619
T83.997439885512,3.44577,101.551,107.0343,6.571054,135.2241,15.43481,3.903442,89.46364,4.309326,3.122528,51.6633,0.5085754,---,-0.6338879,0.4451127,-0.4943618,0.3945469,-0.1023305,0.9176767,-0.1035748,0.3696893,-0.05062271,0.7019741,-0.002741616,0.7103958,-0.02645628,0.4354535,0.007878449,0.8997879,---,-0.6338879,0.4451127,-0.4943618,0.3945469,-0.1023305,0.9176766,-0.1035747,0.3696893,-0.05062271,0.7019741,-0.002741616,0.7103958,-0.02645628,0.4354535,0.007878449,0.8997879
T89.6004460714757,26.66949,113.1388,159.4757,43.04165,40.07468,15.40985,2.365772,0.7980607,28.87955,1.786727,0.8059768,55.84436,---,-0.8217002,0.01963596,-0.4932064,0.2849047,0.3842576,-0.2696622,0.007381355,0.8829349,0.0182549,0.01189055,-0.2494422,0.9681447,0.01048292,0.01351475,-0.4683003,0.8834038,---,-0.2225313,0.03558525,-0.4546306,0.8616986,0.898806,-0.3159285,0.1715566,0.2508092,0.7086776,-0.08631449,0.1117297,0.6912615,0.7070237,0.07855015,-0.05521896,0.7006413
T93.7255824655294,17.24106,107.9718,116.6833,8.108232,144.1069,12.98392,4.321716,82.61945,3.950684,3.327362,59.21831,0.9176331,---,-0.6344714,0.4947612,-0.5584677,0.2019191,-0.08564863,0.9453418,-0.1015786,0.2977834,-0.05104355,0.6582915,-0.0009980176,0.7510299,-0.02919551,0.4936545,0.007384904,0.8691365,---,-0.6344714,0.4947612,-0.5584677,0.2019191,-0.08564862,0.9453417,-0.1015786,0.2977834,-0.05104355,0.6582915,-0.0009980176,0.7510299,-0.02919551,0.4936545,0.007384904,0.8691365
T101.007263403386,26.0711,114.7714,127.3884,0.2185135,0.7203979,0.663289,0.02731323,1.367923,0.1405334,0.380188,8.471458,0.3190613,---,-0.681755,0.4726445,-0.5549102,0.06238628,0.001870431,-0.006297513,0.005800119,0.9999616,-0.000253006,0.01193679,-0.00122333,0.999928,-0.003514395,0.07385019,-0.002531696,0.99726,---,-0.681755,0.4726445,-0.5549102,0.06238628,0.001870431,-0.006297513,0.005800119,0.9999616,-0.000253006,0.01193679,-0.00122333,0.999928,-0.003514394,0.07385018,-0.002531696,0.9972599
