T3.70047152042389,6.055695,0.9808847,6.174072,0.256012,0.1466675,0.1115417,0.3295898,0.2208667,0.1488505,0.2920837,0.2550016,0.1506758,---,-0.053203,0.005690907,-0.05332418,0.9971427,-0.002232884,-0.001282135,-0.0009762084,0.9999962,-0.002873682,0.00193115,0.001304501,0.9999931,-0.002546003,0.00222865,0.001320559,0.9999934,---,-0.053203,0.005690907,-0.05332418,0.9971427,-0.002232884,-0.001282135,-0.0009762085,0.9999964,-0.002873682,0.00193115,0.001304501,0.9999931,-0.002546003,0.00222865,0.001320559,0.9999934
T13.4307741299272,20.41693,5.369717,22.01828,0.2095642,3.104423,0.08930983,0.215271,2.472383,0.1118411,0.1754456,2.41858,0.02181998,---,-0.1825812,0.0114448,-0.1795871,0.9665824,-0.001807115,0.02708926,0.0008286288,0.9996311,-0.001857152,0.02157573,0.001016298,0.999765,-0.001526816,0.02110479,0.0002226874,0.9997761,---,-0.1825812,0.0114448,-0.1795871,0.9665824,-0.001807115,0.02708926,0.000828629,0.9996312,-0.001857152,0.02157573,0.001016298,0.999765,-0.001526816,0.02110479,0.0002226874,0.9997761
T18.1208547241986,3.328663,27.33772,28.35864,2.543599,0.3009338,0.4325482,0.5958123,1.171504,0.3776584,2.566803,1.003124,0.2876813,---,-0.03049989,0.235927,-0.2445735,0.9399958,0.02218512,-0.002709381,0.003832033,0.9997429,0.005232812,0.01020579,0.003242315,0.999929,-0.02237468,0.008807801,0.002705828,0.9997072,---,-0.1883923,0.1452589,0.4917378,0.8376169,0.01760307,0.01377143,0.7096347,0.7042154,-0.003516429,0.01091674,0.7093493,0.7047639,-0.02204935,-0.009593233,0.7088131,0.7049865
T22.3898108750582,33.46396,0.8595667,41.67108,0.2516785,3.528081,0.004102317,0.2217712,2.594387,0.2913996,0.2095947,2.011412,0.3451138,---,-0.2716158,-0.09568384,-0.3385997,0.8957789,-0.002194289,0.03078345,0.0001033962,0.9995236,-0.001877192,0.02264317,0.002586093,0.9997385,-0.001775845,0.01755738,0.003043315,0.9998397,---,-0.2716158,-0.09568384,-0.3385997,0.8957789,-0.002194289,0.03078346,0.0001033962,0.9995238,-0.001877192,0.02264317,0.002586093,0.9997385,-0.001775845,0.01755738,0.003043315,0.9998397
T27.0109688565135,32.68756,46.68793,17.78812,10.37145,3.269487,2.172119,0.6060822,1.605413,5.219696,0.5772097,1.555445,7.603027,---,-0.3140465,-0.3357205,0.02605194,0.8876868,0.08979292,0.03011839,-0.02144703,0.9952739,0.004645131,0.01423549,-0.04560352,0.9988474,0.004125629,0.01387729,-0.0663615,0.9976906,---,0.405625,-0.2558118,-0.2189688,0.8497538,0.7672582,0.03646227,0.006131578,0.6402718,0.7095764,0.04231257,-0.02218055,0.7030072,0.7083911,0.05673739,-0.03711194,0.7025566
T31.3520459495485,36.35297,21.37496,55.9996,0.6443418,5.476241,0.6602206,0.5627136,8.220246,0.3043837,0.6203308,9.476974,0.2652083,---,-0.3533731,0.01166586,-0.3872255,0.8514974,0.005891627,0.04773712,0.005486203,0.9988276,-0.004707613,0.07168557,0.003001345,0.9974117,-0.005203689,0.08261901,0.002753621,0.9965639,---,-0.3533731,0.01166586,-0.3872255,0.8514974,0.005891627,0.04773712,0.005486203,0.9988276,-0.004707613,0.07168557,0.003001345,0.9974117,-0.005203689,0.08261901,0.002753621,0.9965639
T36.1862066425383,40.5894,24.79291,69.85486,3.739899,10.86619,0.1446734,1.21048,9.844186,3.423004,1.214233,8.720063,3.566833,---,0.3930233,0.02887359,-0.4634283,0.7936834,-0.03236482,0.09467388,0.004345775,0.9949726,-0.01308203,0.08544372,-0.02884911,0.9958394,-0.01292596,0.07565359,-0.03022463,0.9965922,---,-0.04978386,0.5816356,-0.6056027,0.5408022,-0.01981246,0.7704964,0.02595831,0.6366073,-0.02964979,0.7645826,-0.01114901,0.6437469,-0.03051207,0.7581922,-0.01223201,0.6512019
T41.0808315314353,44.9346,48.37801,80.83148,0.05877686,1.951841,1.006047,0.2645874,5.024767,0.2711383,0.4889526,7.031072,0.1546803,---,-0.5109,0.06227793,-0.4272964,0.7433173,-0.0003634029,0.01703604,0.008786765,0.9998162,-0.002203142,0.04384054,0.002465064,0.9990331,-0.004176047,0.06132432,0.001608927,0.9981079,---,-0.5109,0.06227793,-0.4272964,0.7433173,-0.000363403,0.01703605,0.008786767,0.9998164,-0.002203142,0.04384054,0.002465064,0.9990331,-0.004176047,0.06132432,0.001608927,0.9981079
T46.1901228614151,77.01056,106.7613,121.5428,8.381696,4.487335,8.335022,0.6163588,1.391819,16.60437,0.5390686,1.410428,18.66708,---,-0.7294572,-0.01739458,-0.1633557,0.6640064,0.07566726,-0.03363464,-0.06956942,0.9941344,0.003568231,0.01279476,-0.1444459,0.9894236,0.002645504,0.0129078,-0.1622247,0.9866659,---,0.006152912,-0.2817149,-0.1357917,0.9498208,0.7268085,-0.2250599,0.222065,0.6097415,0.6843277,-0.1640482,0.1826964,0.6865901,0.6867037,-0.1518632,0.1701598,0.6902328
T50.5310902558267,28.43167,64.65615,104.3819,0.3744075,4.984959,0.6310462,0.7433167,12.46622,0.03973962,0.9334106,14.22538,0.0206604,---,-0.5367697,0.1538438,-0.5666491,0.6059036,0.003503659,0.04346939,0.005359562,0.9990343,-0.006410677,0.1085738,0.00104902,0.9940672,-0.008105079,0.1238157,0.0008297501,0.9922718,---,-0.5367697,0.1538438,-0.5666491,0.6059036,0.003503659,0.04346939,0.005359563,0.9990344,-0.006410677,0.1085738,0.00104902,0.9940672,-0.008105079,0.1238157,0.0008297501,0.9922718
T55.6412208750844,24.2641,70.22659,112.0111,54.40823,157.7655,7.702912,7.118286,93.99297,2.456549,1.755066,21.52673,0.8485934,---,-0.5623605,0.1718799,-0.5954742,0.5473742,-0.0293308,0.8766441,0.4590887,0.14097,-0.02668468,0.7306412,0.05998046,0.6795982,-0.01366255,0.1868376,0.01013426,0.9822435,---,-0.5623605,0.1718799,-0.5954742,0.5473742,-0.0293308,0.8766441,0.4590887,0.14097,-0.02668469,0.7306413,0.05998047,0.6795983,-0.01366255,0.1868376,0.01013426,0.9822435
T60.8290408700705,65.43796,58.12605,65.3671,45.62209,174.0199,168.1136,62.23215,169.7695,166.0755,30.91337,4.295643,1.594868,---,0.1769588,0.5991123,-0.6181081,0.4771713,0.9176797,0.07520034,0.007736307,0.3900631,0.8520099,0.05762629,0.01337722,0.5201725,0.2667995,0.03241227,0.003417393,0.9632009,---,-0.2985076,0.5487652,-0.09965736,0.7744795,0.5957229,0.7020722,0.2812867,0.2703459,0.5617141,0.6432099,0.3772767,0.3583584,0.1657368,0.2115746,0.6835023,0.6786694
T65.1625149808824,20.74405,82.15366,117.8958,7.943049,142.2391,12.68515,2.237152,132.8551,4.979492,2.365906,30.97867,0.5179304,---,-0.623719,0.2171203,-0.5742312,0.4838305,-0.08200286,0.940622,-0.1007957,0.3136019,-0.04760753,0.9151762,0.0005067609,0.4002322,-0.01868811,0.2670893,0.009868051,0.9634401,---,-0.623719,0.2171203,-0.5742312,0.4838305,-0.08200286,0.940622,-0.1007957,0.3136019,-0.04760753,0.9151762,0.0005067609,0.4002322,-0.01868811,0.2670892,0.00986805,0.96344
T70.3416870720685,71.34933,160.0057,87.30253,61.44867,14.05811,36.58712,2.099213,3.614748,151.8281,0.2569943,1.187731,43.35806,---,-0.6254715,-0.5089661,-0.3182142,0.4984764,-0.5144608,0.05928211,-0.2084379,-0.8296803,-0.03504188,-0.01008368,-0.9691461,0.2437754,-0.001744837,0.01046001,-0.3694076,0.929207,---,-0.08979908,-0.134882,-0.5849048,0.7947512,-0.9504513,0.1893066,-0.1054691,-0.2228939,0.1475969,0.6781595,-0.69242,0.1971536,0.6558148,0.268607,-0.2538143,0.6582823
T74.9609250724316,13.71484,95.65175,116.1068,16.10138,70.49179,17.84601,1.685852,146.0499,5.251801,2.898102,45.08152,0.04807633,---,-0.6667787,0.3213146,-0.5188022,0.4277937,0.2016196,-0.5467435,0.04558261,-0.8113836,-0.04810439,0.9551275,0.0006813267,0.2922621,-0.02319541,0.3832277,0.01008129,0.9233076,---,-0.6667787,0.3213146,-0.5188022,0.4277937,0.2016196,-0.5467435,0.04558261,-0.8113836,-0.04810439,0.9551275,0.0006813267,0.2922621,-0.02319541,0.3832277,0.01008129,0.9233076
T80.0702821537852,60.62063,58.69113,163.3937,4.091949,116.4477,11.20703,0.5172421,122.9264,6.713348,2.796265,46.52086,6.253815,---,0.4821793,0.3742128,-0.7089199,0.3534129,0.101666,-0.8436746,0.02118168,-0.5267148,-0.04928503,0.8771206,-0.03192977,0.4766666,-0.0439182,0.392983,-0.04047791,0.917604,---,-0.1603298,0.514509,-0.8422343,-0.01470775,0.08686646,-0.9690118,-0.05691104,0.2241245,-0.05742753,0.9572721,0.01227202,-0.2831637,-0.05967706,0.926725,0.002432658,0.3709631
T86.3707087561488,2.183679,110.4309,120.6338,9.655285,149.0842,11.66666,0.8065186,142.7435,5.960724,3.386322,54.37419,0.5960999,---,-0.7080168,0.4160819,-0.5032908,0.2688617,0.07529628,-0.9577137,0.107687,-0.2559657,-0.0515136,0.946189,-0.009947442,0.3193333,-0.02865787,0.4565552,0.008874412,0.8891892,---,-0.7080168,0.4160819,-0.5032908,0.2688617,0.07529629,-0.9577138,0.107687,-0.2559658,-0.0515136,0.946189,-0.009947442,0.3193333,-0.02865787,0.4565552,0.008874411,0.8891891
T92.1811642348766,11.89114,122.4806,161.3949,41.46218,39.74872,14.47742,1.722719,3.289649,154.625,1.274229,1.87422,67.84027,---,-0.8685188,0.09176277,-0.4575768,0.1669681,-0.3703085,0.2734665,-0.008553996,-0.8877018,-0.02469923,0.02096346,-0.975165,0.2190974,9.983715E-05,0.01977502,-0.5580785,0.8295525,---,-0.3593215,0.07867258,-0.4288177,0.8251146,-0.8935197,0.3242444,-0.1673528,-0.2616893,0.3852018,0.5847814,-0.5707585,0.4288183,0.6876604,0.1530527,-0.1271614,0.6982321
T97.6408304572105,22.50828,118.3228,130.2608,13.02876,170.3259,4.408691,0.8477173,152.644,5.60553,3.789459,71.59518,1.526703,---,-0.7219398,0.4449176,-0.5266134,0.05941093,-0.02851954,0.9896403,-0.1161873,0.07936744,-0.0492571,0.9703656,-0.004383022,0.236527,-0.03460317,0.5841947,0.008537794,0.8108307,---,-0.7219398,0.4449176,-0.5266134,0.05941093,-0.02851954,0.9896405,-0.1161873,0.07936747,-0.0492571,0.9703656,-0.004383022,0.236527,-0.03460317,0.5841947,0.008537794,0.8108307
T102.678999178112,29.01658,122.2893,136.3795,0.2119446,0.09839139,0.3392094,0.4325562,9.120306,0.1804199,0.9385376,21.39552,0.5956726,---,-0.7422986,0.4272747,-0.515288,-0.03012512,-0.001847069,0.0008640967,0.002961738,0.9999936,-0.003888044,0.0794991,-0.001269381,0.9968266,-0.009012644,0.1855776,-0.003587472,0.9825817,---,-0.7422986,0.4272747,-0.515288,-0.03012512,-0.001847069,0.0008640968,0.002961739,0.9999937,-0.003888044,0.0794991,-0.001269381,0.9968266,-0.009012643,0.1855776,-0.003587472,0.9825817
