T2.60056303907186,2.461426,0.2293195,2.706848,0.03561401,0.03166519,0.021698,0.08642578,0.07131958,0.1039734,0.06677246,0.0958252,0.1283569,---,-0.02151943,0.001492869,-0.02357091,0.9994895,-0.0003108939,0.0002762721,-0.0001893267,0.9999999,-0.0007535309,-0.0006230631,-0.0009079207,0.9999991,-0.0005816513,-0.0008369315,-0.001120492,0.9999989,---,-0.02151943,0.001492869,-0.02357091,0.9994895,-0.0003108939,0.0002762721,-0.0001893267,0.9999999,-0.0007535309,-0.0006230631,-0.0009079207,0.9999991,-0.0005816513,-0.0008369315,-0.001120492,0.9999989
T14.3604622343555,12.79675,4.43789,16.55035,0.4313893,3.014681,0.4476053,0.5335265,2.949839,0.08553787,0.3076891,2.801947,0.01767914,---,-0.1157356,0.02204908,-0.1386539,0.9833078,0.00386599,0.02628994,0.003805678,0.9996397,0.004673549,0.0257356,0.000626364,0.9996577,0.00268806,0.02444866,8.85847E-05,0.9996974,---,-0.1157356,0.02204908,-0.1386539,0.9833078,0.003865991,0.02628994,0.003805678,0.9996398,0.004673549,0.0257356,0.000626364,0.9996577,0.00268806,0.02444866,8.85847E-05,0.9996974
T23.043728726916,2.67217,19.88582,28.25967,1.852385,0.7904053,0.7795324,2.706166,1.074524,0.1534729,2.525448,1.138466,0.1332397,---,-0.01986807,0.1730039,-0.2442923,0.9539372,0.01611673,-0.007006524,0.006913095,0.9998217,0.02359995,0.009405861,-0.001560403,0.999676,0.02202425,0.009958025,-0.001381321,0.9997069,---,-0.1363811,0.1082834,0.5017948,0.8472762,0.01635061,0.006441889,0.711869,0.7020924,0.01003673,0.02333863,0.7057744,0.7079811,0.008532109,0.02261488,0.7059228,0.7078763
T31.3689863299951,26.60858,2.224656,49.17206,0.2208358,3.070763,0.3854876,0.0008244919,0.3329428,0.2238064,0.05108643,1.106115,0.2317821,---,-0.2170798,-0.07854775,-0.4007541,0.8866244,0.002016588,0.02678757,0.003311157,0.9996337,-1.520394E-06,0.002905479,0.001953091,0.9999939,-0.0004262518,0.009653402,0.002026888,0.9999513,---,-0.2170798,-0.07854775,-0.4007541,0.8866244,0.002016588,0.02678757,0.003311157,0.9996337,-1.520394E-06,0.002905479,0.001953091,0.9999939,-0.0004262518,0.009653402,0.002026888,0.9999513
T40.4006111612543,26.50488,56.80914,13.31131,10.90848,2.914004,3.313202,1.147043,1.545884,6.448273,1.176316,1.325551,6.514801,---,-0.2539504,-0.4365351,-0.009080454,0.863055,0.09424857,0.02804798,-0.03118464,0.9946648,0.009234248,0.01403086,-0.05636897,0.9982687,0.0095906,0.0121313,-0.05693347,0.9982582,---,0.430702,-0.3022561,-0.3150978,0.7898421,0.769978,0.04188379,-0.002217954,0.6366904,0.7124122,0.0497802,-0.02993757,0.699353,0.7126567,0.04883617,-0.03167992,0.6990936
T49.4992901748046,26.19247,25.75777,68.91467,0.5038353,3.98264,0.598574,0.2089233,4.72028,0.2132906,0.2103882,4.800915,0.1794791,---,-0.3049619,0.05402791,-0.4955702,0.8114737,0.004575568,0.03472433,0.005067538,0.9993737,-0.001744954,0.04118381,0.001934807,0.9991482,-0.001768749,0.04188639,0.001641769,0.9991195,---,-0.3049619,0.05402791,-0.4955702,0.8114737,0.004575568,0.03472433,0.005067538,0.9993737,-0.001744954,0.04118381,0.001934807,0.9991482,-0.001768749,0.04188639,0.001641769,0.9991195
T57.0610208539292,57.29588,27.35858,73.68445,5.584961,10.37283,0.8079553,3.295746,10.19815,3.363586,3.237946,9.34824,3.382355,---,0.4972385,0.1132267,-0.4205488,0.7503815,-0.04788135,0.09062896,0.01141736,0.9946675,-0.03123813,0.08796258,-0.0266655,0.9952767,-0.03055027,0.08058929,-0.02710128,0.9959104,---,0.05422782,0.6106632,-0.6489736,0.4505365,-0.02578394,0.7674205,0.04193052,0.6392518,-0.04094404,0.7659658,0.003233338,0.6415679,-0.0407658,0.7612002,0.002438799,0.6472297
T71.9688926516101,34.89697,56.28273,79.91885,0.2436851,2.284194,0.7043723,0.2121277,3.084114,0.5143589,0.2423401,3.128453,0.578887,---,-0.4916401,0.1750729,-0.4318641,0.7356174,0.002248606,0.01991855,0.006103148,0.9997804,-0.001729665,0.02691871,0.004536795,0.9996259,-0.00197618,0.02730778,0.005107558,0.9996121,---,-0.4916401,0.1750729,-0.4318641,0.7356174,0.002248606,0.01991855,0.006103149,0.9997805,-0.001729665,0.02691871,0.004536795,0.9996259,-0.00197618,0.02730778,0.005107558,0.9996121
T83.02681749966,69.60495,96.16071,119.2075,10.80398,5.51944,5.406128,2.851025,0.08171972,10.76431,2.887396,0.1626613,10.74881,---,-0.7199371,-0.01975371,-0.2582982,0.6438808,0.09618963,-0.04344588,-0.04236827,0.9935115,0.02470076,0.003043222,-0.09378682,0.9952812,0.02495092,0.003772612,-0.09366928,0.9952835,---,0.02555412,-0.2132098,-0.2022268,0.9555066,0.7351027,-0.2435175,0.2388102,0.5859122,0.6908904,-0.1993799,0.216724,0.6602643,0.6908262,-0.1989132,0.2173457,0.6602679
T91.6420863410458,17.28116,74.60529,105.7115,0.476648,3.165867,0.5382519,0.3327332,5.491171,0.07040107,0.3273926,5.807033,0.09430536,---,-0.5497501,0.2665204,-0.5718911,0.5474326,0.004287644,0.02760382,0.004580383,0.9995993,-0.002870886,0.04790274,0.0007527455,0.9988476,-0.002811764,0.05065636,0.0009666347,0.9987118,---,-0.5497501,0.2665204,-0.5718911,0.5474326,0.004287644,0.02760382,0.004580383,0.9995993,-0.002870886,0.04790274,0.0007527455,0.9988476,-0.002811764,0.05065636,0.0009666347,0.9987118
T102.699032331817,14.72461,83.58119,118.7492,8.760615,151.1713,11.15936,4.059326,99.38273,3.404053,1.38623,16.33808,1.442886,---,-0.6174002,0.2544704,-0.5927964,0.4501714,-0.07497171,0.962965,-0.09775463,0.2398373,-0.04553674,0.7610757,0.007793981,0.6470158,-0.0101841,0.1422231,0.0141813,0.9896806,---,-0.6174002,0.2544704,-0.5927964,0.4501714,-0.07497171,0.962965,-0.09775463,0.2398373,-0.04553674,0.7610757,0.007793981,0.6470158,-0.0101841,0.1422231,0.0141813,0.9896806
T113.616269427352,74.98334,102.2811,22.89233,38.47401,175.1345,171.8238,78.40346,162.4953,161.5155,10.68756,1.116667,2.314728,---,0.2516678,0.6813367,-0.563309,0.3938612,0.9419098,0.05329958,0.01650732,0.331199,0.7714055,0.02808341,0.01605392,0.6355212,0.09330399,0.00781925,0.01920236,0.9954218,---,-0.3038218,0.6597338,-0.1198176,0.6768215,0.6283423,0.7037193,0.2458655,0.2225206,0.5256081,0.565324,0.4607332,0.4380295,0.06044684,0.07150493,0.7174476,0.6902913
T124.536423216574,13.26324,103.4115,139.5402,9.16856,151.8856,11.29626,3.141479,123.6179,4.891693,0.5446167,1.347687,1.247805,---,-0.7562434,0.2024199,-0.5462411,0.2978973,-0.07584732,0.9641665,-0.1009841,0.2333077,-0.0505362,0.8796908,0.003984824,0.4728366,-0.0048801,-0.01170784,0.01083217,0.9998609,---,-0.7562434,0.2024199,-0.5462411,0.2978973,-0.07584732,0.9641665,-0.1009841,0.2333077,-0.05053619,0.8796907,0.003984824,0.4728366,-0.0048801,-0.01170784,0.01083217,0.9998609
T132.380516230129,39.77042,174.6046,101.192,62.74709,12.14957,20.65055,2.319397,2.211987,129.7742,2.470274,2.107329,6.70639,---,-0.7156512,-0.6086443,-0.2498734,0.2344332,0.5255032,-0.003898631,0.09796834,0.8451234,-0.02606182,-0.01013235,-0.9049534,0.424591,0.02043966,0.01961372,-0.0588631,0.9978641,---,-0.3402725,-0.2536894,-0.6070637,0.6718111,0.9691793,-0.07203082,0.06651732,0.2260057,0.2818027,0.6327341,-0.6470634,0.3186597,0.7200495,0.0554915,-0.0277535,0.6911435
T141.689976184629,8.514462,102.594,147.1158,8.803219,151.8111,10.97803,1.671875,144.8437,5.265442,0.9279785,7.848667,1.550026,---,-0.733281,0.2647983,-0.6144561,0.1209324,0.07389783,-0.9643884,0.0973206,-0.2345695,-0.04818545,0.951996,2.26137E-05,0.3022942,-0.00715266,0.06853977,0.01404813,0.9975238,---,-0.733281,0.2647983,-0.6144561,0.1209324,0.07389783,-0.9643884,0.0973206,-0.2345695,-0.04818545,0.951996,2.26137E-05,0.3022942,-0.00715266,0.06853977,0.01404813,0.9975238
T152.116227983497,38.71924,83.72928,155.4472,5.653412,119.2521,12.33234,0.5220655,118.2729,7.201782,3.712952,8.890877,4.068146,---,0.5627477,0.3751064,-0.7335878,0.06677757,0.1173481,-0.8540303,0.01194573,-0.5066745,-0.0515791,0.8568346,-0.03612188,0.5117317,-0.03502785,0.07627383,-0.03285901,0.9959295,---,-0.1208022,0.3124591,-0.9166476,-0.2180214,0.09142452,-0.9621636,-0.07453071,0.2456177,-0.06201395,0.9677225,0.0109299,-0.2440246,-0.04800326,0.7581623,0.001533605,0.6502948
T160.518382809125,22.36687,113.8267,127.7829,9.288593,152.6881,10.98563,3.164368,118.5261,4.435211,1.516388,20.08946,1.415833,---,-0.6914729,0.4567877,-0.5524073,0.08975767,0.07368121,-0.9659228,0.100844,-0.2267042,-0.04734766,0.8580055,0.003945099,0.5114385,-0.01087412,0.1745494,0.01447255,0.984482,---,-0.6914729,0.4567877,-0.5524073,0.08975767,0.07368121,-0.9659228,0.100844,-0.2267042,-0.04734766,0.8580055,0.003945099,0.5114385,-0.01087412,0.1745494,0.01447255,0.984482
T169.198003622703,4.583918,127.1042,175.6597,41.24065,40.92548,15.97656,1.028656,1.808981,113.8857,2.901358,0.8176336,28.3244,---,-0.8933076,0.05167607,-0.4460639,-0.01892825,0.3722211,-0.2781724,6.438705E-05,0.8854782,-0.00833397,0.01613294,-0.8380661,0.5452664,0.02280117,0.01311002,-0.2447582,0.9692274,---,-0.4892262,0.08855893,-0.5044955,0.7059033,0.8968872,-0.3206533,0.1586482,0.260011,0.5731815,0.4082292,-0.3916608,0.5928015,0.7107574,-0.08764054,0.1171095,0.6880614
T178.016652538441,39.95895,118.453,134.908,7.628718,147.7846,11.6546,4.294769,95.36712,3.339447,2.097687,26.37635,1.441519,---,-0.6787407,0.47107,-0.5566652,-0.08676519,-0.07896704,0.955534,-0.09168859,0.2689093,-0.04674572,0.7378699,0.008092429,0.6732736,-0.01495109,0.2283178,0.01642137,0.9733334,---,-0.6787407,0.47107,-0.5566652,-0.08676519,-0.07896704,0.955534,-0.09168859,0.2689093,-0.04674572,0.7378699,0.008092429,0.6732736,-0.01495109,0.2283178,0.01642137,0.9733334
T188.798466487788,48.54793,124.3927,142.8938,0.3217607,0.03859101,0.5336154,0.3745117,4.952596,0.152299,0.3758545,4.606739,0.1679265,---,-0.7034287,0.4383556,-0.5188103,-0.2094476,0.002809426,0.0003236897,0.004655691,0.9999852,-0.003207764,0.04321017,0.001469018,0.9990598,-0.003218428,0.0401951,0.001596067,0.9991854,---,-0.7034287,0.4383556,-0.5188103,-0.2094476,0.002809426,0.0003236897,0.004655692,0.9999853,-0.003207764,0.04321017,0.001469018,0.9990598,-0.003218428,0.0401951,0.001596067,0.9991854
