T2.69532463606447,1.633178,0.08301478,1.948986,0.01855469,0.0645752,0.02362625,0.08010703,0.2306213,0.2077667,0.07069738,0.2096252,0.1138733,---,0.01426194,0.0004818796,0.01699524,0.9997538,-0.0001620475,-0.0005633674,0.0002060867,0.9999998,0.000695414,-0.002013853,0.001814508,0.9999961,0.0006151317,-0.001830014,0.0009948586,0.9999977,---,0.01426194,0.0004818796,0.01699524,0.9997538,-0.0001620475,-0.0005633674,0.0002060867,0.9999998,0.000695414,-0.002013853,0.001814508,0.9999961,0.0006151317,-0.001830014,0.0009948586,0.9999977
T11.5076338509098,7.458983,0.9698486,7.464196,0.08803822,2.085671,0.2932666,0.08642025,1.27548,0.2049482,0.1222473,1.129173,0.358836,---,0.06435596,-0.01266124,0.06550051,0.9956946,0.0008147263,0.01819788,0.002544824,0.9998309,0.0007740178,0.01112906,0.001780005,0.9999362,0.001097608,0.009850344,0.003120764,0.9999461,---,0.06435596,-0.01266124,0.06550051,0.9956946,0.0008147263,0.01819788,0.002544824,0.9998309,0.0007740178,0.01112906,0.001780005,0.9999362,0.001097608,0.009850344,0.003120764,0.9999461
T21.8698269920424,1.300962,8.884796,12.54583,2.382534,0.1030183,7.301239,5.55957,0.3467022,7.79599,6.016449,0.3643077,7.123047,---,0.002788177,-0.07822488,0.1098032,0.9908665,0.02069061,0.002220731,-0.06367698,0.9977536,-0.04859053,-0.000281865,-0.06775355,0.9965181,-0.05257487,-9.134012E-05,-0.06186778,0.9966987,---,0.05728488,-0.05334181,0.778291,0.6230058,0.01306017,0.01620076,0.6604919,0.7505448,-0.03415938,-0.034558,0.6567357,0.7525537,-0.03711146,-0.03724063,0.6610253,0.7485195
T30.4074790822342,12.89555,1.556932,31.71716,0.07275136,2.415509,0.3217298,0.04595947,2.038181,0.5824851,0.003045368,1.58744,0.5706493,---,0.1117026,-0.01769743,0.2700427,0.9561832,0.00069391,0.02107586,0.002793613,0.9997737,-0.0003104889,0.01778736,0.005089447,0.9998288,4.241058E-05,0.01385254,0.004979724,0.9998917,---,0.1117026,-0.01769743,0.2700427,0.9561832,0.0006939101,0.02107586,0.002793613,0.9997739,-0.0003104889,0.01778736,0.005089447,0.9998288,4.241058E-05,0.01385254,0.004979724,0.9998917
T37.7574678482488,16.6666,34.09648,0.8388672,10.62815,2.193135,2.572083,1.417243,1.51923,12.28534,1.296461,1.472522,12.30225,---,0.1364355,0.2910879,-0.04941422,0.9456276,0.09214718,0.02112874,-0.0241151,0.9952291,0.01087688,0.01450353,-0.1071499,0.9940776,0.009870665,0.01398718,-0.10728,0.9940814,---,0.7651342,0.2407714,0.1708891,0.5721852,0.7688911,0.03199222,-0.002111677,0.6385753,0.7106102,0.08602197,-0.06551088,0.6952279,0.7099013,0.08574881,-0.06596795,0.6959421
T44.8273817757145,19.4881,8.529334,35.07003,0.07136415,3.622314,0.2100207,0.1720886,4.894059,0.6311857,0.2637329,5.223361,0.5537383,---,0.1830176,0.01903432,0.2841189,0.9409669,0.0006803831,0.03160419,0.001812176,0.9994986,-0.001265166,0.0427033,0.005567194,0.9990715,-0.002078946,0.04557709,0.0049321,0.9989465,---,0.1830176,0.01903432,0.2841189,0.9409669,0.0006803831,0.03160419,0.001812176,0.9994986,-0.001265166,0.0427033,0.005567194,0.9990715,-0.002078946,0.04557709,0.0049321,0.9989465
T52.2476393477991,33.3992,3.085663,23.62435,4.13092,14.20827,0.419665,2.9422,10.24699,3.396606,3.139374,9.349334,3.536926,---,-0.2864459,0.03355871,0.1884266,0.9387854,-0.03531178,0.1237229,0.008089099,0.9916553,-0.02820463,0.08847632,-0.02721683,0.9953068,-0.0298027,0.08058591,-0.02851505,0.9958939,---,-0.06931011,0.6875511,0.3357856,0.640092,-0.01924934,0.7886915,0.03068906,0.6137208,-0.03918888,0.7663504,0.000698483,0.641226,-0.04123688,0.7611862,0.000910508,0.6472205
T59.1064122328535,24.67071,17.05822,40.67178,0.3247986,5.682177,1.456203,0.2043762,6.058044,2.100369,0.3532104,5.814421,1.898179,---,0.2484543,0.06243588,0.306036,0.9169047,-0.002200859,0.0495978,0.01283223,0.9986844,-0.0008122413,0.05286547,0.01839674,0.9984319,-0.002237737,0.05076241,0.01669888,0.9985687,---,0.2484543,0.06243588,0.306036,0.9169047,-0.002200859,0.0495978,0.01283223,0.9986844,-0.0008122413,0.05286547,0.01839674,0.9984319,-0.002237737,0.05076241,0.01669888,0.9985687
T68.2807295667008,52.36292,10.41214,2.683987,5.299614,4.407806,4.406036,0.6113586,1.516714,8.73761,0.8846741,1.528466,8.73526,---,0.4411819,0.07111546,-0.01909356,0.8943918,0.04763971,-0.03661047,-0.03659431,0.9975224,-0.006327415,0.01279042,-0.07609805,0.9969983,-0.008712872,0.01271097,-0.07604396,0.9969854,---,0.8584285,-0.06370584,0.3953886,0.320484,0.7025941,-0.257047,0.2349955,0.6205364,0.6643178,-0.2134288,0.2267159,0.6795071,0.6627579,-0.2141581,0.2260504,0.681021
T74.5058170454577,34.44655,16.24334,51.20137,0.2325538,4.171919,0.1534602,0.02813721,3.586847,0.4699737,0.05197144,3.601151,0.5697978,---,0.3226567,-0.004965756,0.3708566,0.8708234,0.002076812,0.03639599,0.001264434,0.9993345,-0.0001171353,0.03129677,0.004106961,0.9995017,-0.0002971005,0.03142266,0.004984198,0.9994937,---,0.3226567,-0.004965756,0.3708566,0.8708234,0.002076812,0.03639599,0.001264434,0.9993345,-0.0001171353,0.03129677,0.004106961,0.9995017,-0.0002971005,0.03142266,0.004984198,0.9994937
T81.7172532463446,33.05199,21.47937,58.88633,3.491927,119.3557,18.18604,5.384857,39.95636,0.8545532,1.486115,14.92789,1.431492,---,0.3311897,0.01820037,0.4168391,0.8463022,-0.1211659,0.8543878,-0.1057196,0.4941292,-0.04669147,0.3409464,0.009048124,0.938879,-0.01123502,0.1300419,0.01406942,0.991345,---,0.3311897,0.01820037,0.4168391,0.8463022,-0.1211659,0.8543878,-0.1057196,0.4941292,-0.04669147,0.3409464,0.009048124,0.938879,-0.01123502,0.1300419,0.01406942,0.991345
T90.6791717717424,24.24858,31.1395,43.8844,45.28114,176.7257,168.6645,83.14791,45.83939,39.68398,22.09057,2.54228,2.471741,---,0.08960918,-0.3190179,0.4042214,0.8525274,0.9191372,0.08016764,-0.01176241,0.3855148,0.6738004,0.06658738,-0.009206346,0.7358495,0.1910235,0.0258989,-0.02541261,0.9809147,---,0.288943,-0.1622164,0.8886556,0.3170003,0.5932411,0.7066153,0.2642829,0.2809174,0.4293644,0.5235332,0.5138143,0.5268341,0.1167607,0.1533873,0.675642,0.7115808
T98.5865480648354,27.29651,32.3775,66.49723,2.610096,151.1218,7.608948,2.727905,132.2565,5.974854,1.135437,23.40231,0.5902079,---,0.3380527,0.1023374,0.4566481,0.8165292,-0.05857272,0.9664053,-0.03854799,0.2472733,-0.05726478,0.91245,0.0006522494,0.4051609,-0.008657912,0.2028443,0.007052709,0.9791474,---,0.3380527,0.1023374,0.4566481,0.8165292,-0.05857272,0.9664053,-0.03854799,0.2472733,-0.05726478,0.91245,0.0006522494,0.4051609,-0.008657912,0.2028443,0.007052709,0.9791474
T106.705362380482,42.97354,60.6997,6.066115,59.53437,10.66962,27.57129,0.4625549,5.156334,135.523,0.7649536,2.776229,27.65118,---,0.3405237,0.4527793,-0.1423299,0.8116507,-0.4993186,0.03941053,-0.1611213,-0.8503928,-0.04316213,0.0132916,-0.9246033,0.3782449,-0.01226903,0.02192766,-0.2387349,0.9707597,---,0.8147103,0.4208057,0.2195209,0.3331371,-0.95439,0.1417974,-0.08606248,-0.2482469,0.2369393,0.6631919,-0.6443947,0.2979798,0.6777552,0.1843162,-0.1533058,0.6951063
T114.125639856793,29.51286,42.27101,69.79037,14.70426,177.3733,2.232361,1.760284,138.4167,6.467224,2.101868,27.54652,0.6159419,---,0.394333,0.1500773,0.4406652,0.7923336,-0.01638209,0.991387,-0.1283519,0.02023524,-0.0581716,0.9329714,-0.005683033,0.3551734,-0.01653408,0.2381324,0.009586263,0.9710447,---,0.394333,0.1500773,0.4406652,0.7923336,-0.01638209,0.991387,-0.1283519,0.02023524,-0.0581716,0.9329714,-0.005683033,0.3551734,-0.01653408,0.2381324,0.009586263,0.9710447
T123.647659276612,51.34021,9.134979,60.69223,4.308258,117.301,11.01154,1.023314,116.3971,7.87381,3.369232,22.76577,5.330963,---,-0.4089118,0.1562217,0.4241425,0.7927731,-0.101346,0.8475929,-0.01792888,0.5205707,-0.05365371,0.8481632,-0.04375114,0.5251918,-0.03796288,0.1957255,-0.03977451,0.9791161,---,0.01076974,0.6710407,0.5890584,0.4501098,-0.08434004,0.9674377,0.05898477,-0.2312396,-0.06887563,0.9711086,0.007002172,-0.2283753,-0.05496864,0.8307385,-0.001281017,0.5539408
T131.765433629043,33.98244,55.67077,75.83344,1.521248,150.939,6.464844,2.961456,135.5306,4.687134,1.467773,19.15855,1.564749,---,0.4782754,0.1934877,0.4120457,0.7510216,-0.05125264,0.9665768,-0.02697578,0.2497496,-0.04760833,0.9241586,0.008430817,0.378937,-0.01035661,0.1665554,0.01559438,0.9858544,---,0.4782754,0.1934877,0.4120457,0.7510216,-0.05125264,0.9665768,-0.02697578,0.2497496,-0.04760833,0.9241586,0.008430817,0.378937,-0.01035661,0.1665554,0.01559438,0.9858544
T138.066365641542,67.78703,56.54346,68.76468,38.34531,40.6825,6.341553,5.051544,5.707486,142.7279,1.167267,2.611984,20.14935,---,0.6273502,-0.04712986,-0.194851,0.7524917,-0.3256248,0.3107947,-0.06499981,-0.8905898,-0.03306537,0.05760049,-0.946174,0.3167706,-0.0140133,0.02065786,-0.1746485,0.9843144,---,0.9669046,0.06264044,0.2153009,0.1217257,-0.8610421,0.398378,-0.168532,-0.2673919,0.4257856,0.5610823,-0.5037185,0.5001608,0.6755493,-0.1425555,0.1619624,0.7050385
T143.601317138411,39.6125,62.30209,82.78464,21.94839,34.78752,12.23016,1.546814,137.2314,6.133942,1.346741,15.80597,1.338788,---,0.5393524,0.1733789,0.4008987,0.7199438,0.2118905,-0.2724486,0.04321189,-0.9375537,-0.0547299,0.9294742,-0.006955867,0.3647383,-0.01003366,0.1376132,0.0131869,0.9903474,---,0.5393524,0.1733789,0.4008987,0.7199438,0.2118905,-0.2724486,0.04321188,-0.9375536,-0.0547299,0.9294742,-0.006955867,0.3647383,-0.01003366,0.1376132,0.0131869,0.9903474
T155.145282880403,37.27291,67.93342,95.78551,0.06188965,0.2492431,0.06439209,0.07827759,2.005248,0.1420228,0.04180908,0.785493,0.195603,---,0.5704784,0.1583582,0.4633169,0.6594047,0.0005413535,-0.00217475,0.0005606803,-0.9999973,-0.0006613992,0.01749903,0.001251147,0.9998459,-0.0003530205,0.006855278,0.001709417,0.999975,---,0.5704784,0.1583582,0.4633169,0.6594047,0.0005413535,-0.00217475,0.0005606803,-0.9999973,-0.0006613992,0.01749903,0.001251147,0.9998459,-0.0003530205,0.006855278,0.001709417,0.999975
