T16.8781312592328,20.47958,15.50411,23.616,0.1997986,0.03637734,0.1081543,0.003676149,1.951887,0.03169753,0.06338501,2.357525,0.06680938,---,-0.1995788,0.09388445,-0.1760618,0.959352,-0.001743949,0.0003158059,-0.0009432532,0.999998,3.678724E-05,0.0170326,0.0002760266,0.9998549,-0.0005409542,0.02057215,0.0005942759,0.999788,---,-0.1995788,0.09388445,-0.1760618,0.959352,-0.001743949,0.0003158058,-0.000943253,0.9999979,3.678724E-05,0.0170326,0.0002760266,0.9998549,-0.0005409542,0.02057215,0.0005942759,0.999788
T28.6382234804332,29.81659,30.83127,45.12683,0.1545568,2.054692,0.005523905,0.3032227,3.942472,0.2942,0.2832947,4.00402,0.2535095,---,-0.3275954,0.1420438,-0.2942967,0.8865068,0.00134941,0.01792953,2.401459E-05,0.9998384,-0.002556329,0.03440433,0.002656872,0.9994012,-0.002547946,0.03492889,-0.002124586,0.9993843,---,-0.3275954,0.1420438,-0.2942967,0.8865068,0.00134941,0.01792953,2.401459E-05,0.9998384,-0.002556329,0.03440433,0.002656872,0.9994012,-0.002547946,0.03492889,-0.002124586,0.9993843
T36.7571520470083,37.28748,39.87741,37.81366,4.014763,0.1988831,0.4429162,6.481881,1.522342,0.2059326,5.661713,1.250152,0.193512,---,0.1796056,0.4030641,-0.3917575,0.8073458,0.03502124,-0.001869815,0.003923577,0.9993771,0.05650601,0.01336488,-0.002545206,0.9983096,0.04936625,0.01097949,-0.002225354,0.998718,---,-0.158009,0.4120097,0.2938653,0.8478941,0.02608591,0.02344159,0.7094407,0.7038919,0.03050538,0.04940618,0.7041118,0.7077112,0.02714354,0.04267088,0.7046267,0.7077738
T42.778774432838,39.08505,48.97184,77.5304,0.05211992,2.104332,1.353654,0.2966168,2.71155,0.1449109,0.4498276,2.981022,0.04467773,---,-0.4819259,0.1139451,-0.4288905,0.7555243,0.0006716349,0.01835608,0.01180224,0.9997616,0.002617661,0.02365716,0.001202983,0.999716,0.003914005,0.02601272,-0.0004919138,0.9996538,---,-0.4819259,0.1139451,-0.4288905,0.7555243,0.0006716349,0.01835608,0.01180224,0.9997616,0.002617661,0.02365716,0.001202983,0.999716,0.003914005,0.02601272,-0.0004919138,0.9996538
T49.3595691211522,66.12122,78.7735,19.23115,11.07936,3.596877,1.367981,1.284522,1.067462,7.148682,1.400009,1.006813,7.325928,---,-0.5045351,-0.4539154,-0.2331036,0.6964681,0.0961078,0.03238656,-0.01490552,0.9947323,0.01060634,0.009995325,-0.06244107,0.9979423,0.01163038,0.009547868,-0.06398723,0.9978373,---,0.1357171,-0.1561375,-0.4857959,0.8492376,0.7713404,0.03344055,0.01236096,0.6354234,0.7131516,0.05122027,-0.03708474,0.6981519,0.7138014,0.05199716,-0.03849444,0.6973536
T56.9164507724345,21.80939,78.54822,94.46695,0.2506989,3.979944,0.9724165,0.1530762,5.76193,0.03593858,0.1349792,6.187703,0.005477866,---,-0.5557722,0.3145648,-0.4767305,0.6040649,0.002481027,0.0347047,0.008404728,0.9993593,-0.001318299,0.05026151,0.0003803629,0.9987351,-0.001173572,0.05397168,0.0001113052,0.9985418,---,-0.5557722,0.3145648,-0.4767305,0.6040649,0.002481027,0.0347047,0.008404728,0.9993593,-0.001318299,0.05026151,0.0003803629,0.9987351,-0.001173572,0.05397168,0.0001113052,0.9985418
T64.3382687941194,68.88755,9.512543,97.79391,7.482361,9.181086,0.4886649,4.916382,9.15098,3.201843,4.850952,8.102445,3.211334,---,0.4220783,0.3797716,-0.58845,0.5756303,-0.06469892,0.08014046,0.009463803,0.9946366,-0.04496369,0.07847355,-0.02440288,0.9956027,-0.04417542,0.06937439,-0.02493689,0.9963001,---,-0.1176425,0.6755711,-0.7145514,0.1384931,-0.03905712,0.7599822,0.05244096,0.6466464,-0.04904957,0.7594866,0.01453869,0.6485083,-0.04886977,0.7535456,0.01360369,0.6554354
T71.3376542925835,12.90347,99.92023,107.809,0.3224246,1.212035,0.8412225,0.1040344,5.407906,0.05905151,0.1398926,6.056446,0.06103516,---,-0.657299,0.3897708,-0.4658528,0.4461142,0.002891092,0.01055583,0.007310786,0.9999134,-0.0009311449,0.04717487,-0.0004718997,0.9988861,-0.001247327,0.05282717,-0.0004673883,0.9986028,---,-0.657299,0.3897708,-0.4658528,0.4461142,0.002891092,0.01055583,0.007310786,0.9999134,-0.0009311449,0.04717487,-0.0004718997,0.9988861,-0.001247327,0.05282717,-0.0004673883,0.9986028
T77.5656899102032,33.16843,116.1482,147.104,12.75749,5.022614,4.945801,4.770106,0.06771693,7.770081,4.621943,0.06344604,7.640442,---,-0.8228764,0.08555614,-0.4174912,0.3758401,0.1127691,-0.03871574,-0.03797496,0.9921402,0.04147937,0.003408687,-0.06772058,0.9968359,0.04027039,0.002134491,-0.06654959,0.9969679,---,-0.2022195,0.004261179,-0.3378142,0.919223,0.742569,-0.23844,0.2488856,0.5742763,0.6957148,-0.2120502,0.2389523,0.6433642,0.6950392,-0.2140104,0.2385935,0.6435785
T83.0250052325428,4.973478,110.1218,120.8947,0.3289707,2.959292,0.578904,0.08044007,3.664116,0.07565611,0.1752259,3.990806,0.06684625,---,-0.7001855,0.4255602,-0.5152717,0.2512646,0.003000261,0.02580689,0.004976035,0.9996501,0.0007227203,0.03196952,0.0006374443,0.9994884,0.001548518,0.03481838,0.0005297457,0.9993923,---,-0.7001855,0.4255602,-0.5152717,0.2512646,0.003000261,0.02580689,0.004976035,0.9996501,0.0007227203,0.03196952,0.0006374443,0.9994884,0.001548518,0.03481838,0.0005297457,0.9993923
T91.9194052144885,18.66901,122.7953,135.5301,8.730469,85.32206,20.02399,3.641388,20.51043,0.04449401,0.1709595,1.283782,0.9655855,---,-0.7725337,0.3997019,-0.4911485,0.04693997,-0.1725924,0.6556729,-0.07668351,0.7310435,-0.03119501,0.1779554,0.006038297,0.9835255,-0.001397308,0.01121504,0.008442397,0.9999005,---,-0.7725337,0.3997019,-0.4911485,0.04693997,-0.1725924,0.6556729,-0.07668351,0.7310435,-0.03119501,0.1779554,0.006038297,0.9835255,-0.001397308,0.01121504,0.008442397,0.9999005
T100.455836389214,42.65181,135.334,46.39611,41.33904,179.2458,173.1674,85.45657,82.01245,79.49753,6.543015,1.467466,0.0228262,---,0.2123962,0.8464233,-0.4486284,-0.1928419,0.9338106,0.05807208,-0.02718055,0.3519753,0.701878,0.04316967,0.01215895,0.7108839,0.05706543,0.01277347,-0.0005319354,0.9982886,---,-0.4483249,0.7486985,-0.453588,0.1808683,0.6192406,0.701367,0.2296646,0.2681037,0.4657771,0.5268282,0.5112685,0.4940732,0.03131914,0.04938356,0.7055205,0.7062728
T108.784888658673,34.86589,125.335,127.0683,9.894657,145.5558,12.57767,2.287231,125.3636,4.905975,0.3403015,3.212797,0.866906,---,-0.8200341,-0.2545824,-0.273545,-0.4334801,-0.07885937,0.9486761,-0.1141891,0.2841754,-0.04716994,0.8870887,-0.001921792,0.4591786,-0.002756316,0.0280548,0.007645349,0.9995733,---,-0.8200341,-0.2545824,-0.273545,-0.4334801,-0.07885937,0.9486761,-0.1141891,0.2841754,-0.04716994,0.8870887,-0.001921792,0.4591786,-0.002756316,0.0280548,0.007645349,0.9995733
T118.037360865623,71.06336,176.7862,115.9405,66.22961,16.89962,163.6605,2.004456,5.420733,139.6383,2.434906,2.63381,13.24213,---,-0.6982846,-0.4176179,0.2887522,-0.504595,-0.1986198,0.5174139,-0.8086698,-0.1971962,-0.03834988,0.03270995,-0.9377003,0.3437696,-0.02374899,0.02037469,-0.1147608,0.9929003,---,-0.8505644,-0.4994791,-0.0911218,0.1369592,-0.2798842,0.9376826,-0.205949,0.001006627,0.2159644,0.6861838,-0.6399249,0.2701993,0.6852934,0.0955552,-0.06674103,0.7188796
T124.398142579943,25.70173,91.55637,101.7741,5.423229,128.1779,16.99966,2.337769,130.2876,4.709839,1.009888,12.45135,0.8267262,---,-0.6399777,-0.3204141,-0.4270378,-0.5526319,-0.1123534,0.8916535,-0.1066012,0.425402,-0.04584283,0.9060585,0.001226069,0.4206601,-0.007978173,0.108501,0.008127327,0.9940311,---,-0.6399777,-0.3204141,-0.4270378,-0.5526319,-0.1123534,0.8916535,-0.1066012,0.425402,-0.04584283,0.9060585,0.001226069,0.4206601,-0.007978173,0.108501,0.008127327,0.9940311
T130.274011213332,60.10895,19.27493,93.23852,3.49054,103.0658,9.705872,2.175171,64.8013,6.745575,3.243652,12.64067,3.858856,---,0.4444497,-0.259337,-0.5626199,-0.6470454,-0.08508461,0.7781938,-0.02884099,0.6215652,-0.04751702,0.533869,-0.0395114,0.8433059,-0.03181946,0.1090335,-0.03033654,0.9930654,---,-0.08355901,-0.6409091,-0.7121058,-0.2741513,-0.08055755,0.989779,0.03977025,-0.1107531,-0.06153838,0.9738097,0.005660831,0.2188049,-0.04395092,0.7793016,0.001048581,0.625105
T137.698783814907,12.96054,78.67379,107.352,8.74735,138.0114,15.16837,3.148438,101.9212,4.008057,1.341766,23.1978,1.087301,---,-0.5591475,-0.3027514,-0.5767809,-0.5128544,-0.09577908,0.92636,-0.117724,0.3447095,-0.04444377,0.7753397,-0.0006928642,0.6299782,-0.009561745,0.2011451,0.01164804,0.9794455,---,-0.5591475,-0.3027514,-0.5767809,-0.5128544,-0.09577908,0.92636,-0.117724,0.3447094,-0.04444377,0.7753397,-0.0006928642,0.6299782,-0.009561745,0.2011451,0.01164804,0.9794455
T144.068194083869,67.88074,129.0792,167.5302,39.79775,39.6088,16.08459,1.740307,4.18887,90.65347,0.0904541,2.574019,32.87143,---,-0.7706854,-0.1572486,0.2997846,-0.5398576,-0.3616517,0.2706468,0.009586694,-0.8921135,-0.01531642,0.03648392,-0.7109608,0.7021176,-0.00711189,0.02131959,-0.282851,0.9589005,---,-0.8947234,-0.3610328,-0.2615142,0.02712331,-0.8948922,0.3140876,-0.1561951,-0.2758985,0.6311866,0.2941556,-0.2547762,0.6709434,0.6925558,-0.06269209,0.08669855,0.713386
T149.874564375728,2.610637,57.82848,97.23158,9.906189,87.88844,19.48196,4.408051,49.19843,1.615295,1.681061,30.1891,0.2641231,---,-0.3758554,-0.3046001,-0.649313,-0.5868084,0.1782453,-0.6708805,0.062315,-0.7171227,-0.04082749,0.4154262,0.003200308,0.9087046,-0.01356307,0.2604166,0.00604523,0.9653822,---,-0.3758554,-0.3046001,-0.649313,-0.5868084,0.1782453,-0.6708804,0.062315,-0.7171226,-0.04082749,0.4154262,0.003200308,0.9087046,-0.01356307,0.2604166,0.00604523,0.9653822
T158.978146567941,1.249908,39.5112,88.00617,0.5516493,0.9176025,0.6675115,0.2950323,2.333991,0.01296997,0.1031294,6.440191,0.05145264,---,-0.2274159,-0.2502472,-0.6564223,-0.674365,-0.004767149,0.008035375,-0.005863398,-0.9999392,0.002571801,0.02036673,-0.000165575,0.9997892,0.0008733374,0.05617206,-0.000498746,0.9984206,---,-0.2274159,-0.2502472,-0.6564223,-0.674365,-0.004767148,0.008035374,-0.005863397,-0.9999391,0.002571801,0.02036673,-0.000165575,0.9997892,0.0008733374,0.05617206,-0.000498746,0.9984206
