T2.22725153900683,3.447601,1.009161,3.853821,0.04425049,0.0710144,0.06644428,0.21875,0.7103224,0.1476746,0.177887,0.7212294,0.1488342,---,-0.03035914,0.00778608,-0.03334324,0.9989524,-0.0003864546,-0.0006194814,0.0005795963,0.9999996,-0.00191677,0.006196217,-0.00127692,0.9999782,-0.001560498,0.006291843,-0.001289082,0.9999782,---,-0.03035914,0.00778608,-0.03334324,0.9989524,-0.0003864546,-0.0006194814,0.0005795963,0.9999996,-0.00191677,0.006196217,-0.00127692,0.9999782,-0.001560498,0.006291843,-0.001289082,0.9999782
T10.9051968399435,16.20828,8.829209,19.40906,0.05883789,4.784776,0.3591591,0.2738342,6.071646,0.5246887,0.2825012,6.038291,0.29599,---,-0.1513889,0.05142109,-0.155693,0.9747805,-0.0003820718,0.04174432,0.003152946,0.9991233,-0.002628751,0.05294869,-0.004445794,0.9985839,-0.002597924,0.05266296,-0.002449525,0.998606,---,-0.1513889,0.05142109,-0.155693,0.9747805,-0.0003820718,0.04174432,0.003152946,0.9991235,-0.002628751,0.05294869,-0.004445794,0.9985839,-0.002597924,0.05266296,-0.002449525,0.998606
T23.2256520409137,0.4323632,28.59783,21.03339,1.905255,0.02944946,1.39091,9.663788,1.639515,0.3096924,11.67969,1.514686,0.1182556,---,-0.04148432,0.2434975,-0.1777825,0.9525657,0.01662137,-0.0004586387,0.01214027,0.999788,-0.08426204,0.01402845,-0.001487699,0.9963438,-0.1017528,0.01304414,0.0003183351,0.9947242,---,-0.2015126,0.1428449,0.5478545,0.7992769,0.01207739,0.01142878,0.7155414,0.6983724,-0.06950188,-0.04966265,0.7034695,0.7055734,-0.0811737,-0.0627265,0.7036013,0.7031511
T31.0643565226346,31.37714,4.630749,48.42218,0.5172204,4.974367,1.306565,0.302063,8.083587,0.05346994,0.1865845,6.603195,0.1611496,---,-0.2623729,-0.07533014,-0.3845357,0.8818266,0.005003821,0.04334123,0.01119497,0.9989851,-0.002596535,0.07048509,0.0006512458,0.9975092,-0.001544521,0.05759402,0.001497731,0.9983378,---,-0.2623729,-0.07533014,-0.3845357,0.8818266,0.005003821,0.04334123,0.01119497,0.9989851,-0.002596535,0.07048509,0.0006512458,0.9975092,-0.001544521,0.05759402,0.001497731,0.9983378
T38.4186184387654,37.20319,58.94379,17.12819,10.59743,4.591999,1.117249,0.325741,1.485852,4.54068,0.3462984,1.54013,8.875214,---,-0.3440502,-0.4197401,-0.03231715,0.8392874,0.09188081,0.04078858,-0.0133998,0.9948441,0.002326506,0.01306851,-0.03964792,0.9991256,0.00197281,0.01363322,-0.07740667,0.9969044,---,0.3501856,-0.2739494,-0.3196528,0.836746,0.7684305,0.03831697,0.0193668,0.6384915,0.7081336,0.03727615,-0.01879448,0.7048434,0.7063129,0.06437492,-0.04509464,0.7035229
T45.134768391028,33.55057,36.04999,70.78757,0.8886926,5.452526,1.266102,0.1075134,7.948348,0.2045593,0.1686707,9.352557,0.2349854,---,-0.395326,0.08254975,-0.4545256,0.7939203,0.008271481,0.0474744,0.01066692,0.9987813,-0.001059683,0.069305,-0.001715816,0.9975935,-0.001634274,0.08152261,-0.001923843,0.9966683,---,-0.395326,0.08254975,-0.4545256,0.7939203,0.008271482,0.0474744,0.01066692,0.9987814,-0.001059683,0.069305,-0.001715816,0.9975935,-0.001634274,0.08152261,-0.001923843,0.9966683
T52.0701046865433,54.77205,23.37613,80.47614,7.189453,9.790354,0.9370802,3.287537,12.03764,2.985077,3.114471,11.8054,3.065857,---,0.4600509,0.153658,-0.490543,0.7239544,-0.06177134,0.08567316,0.0134817,0.9943152,-0.03124735,0.1040334,-0.02288571,0.9938194,-0.02977195,0.1020415,-0.02380606,0.9940495,---,-0.02156113,0.6205657,-0.6721714,0.4032605,-0.03414594,0.7636671,0.05321194,0.642507,-0.03827785,0.7762991,0.005912571,0.6291737,-0.03788537,0.7750534,0.004218523,0.6307449
T57.4577863942832,31.42148,59.22377,85.4751,0.648415,2.777205,2.137582,0.2813416,11.02987,0.3210754,0.3782043,11.78935,0.2513123,---,-0.4957091,0.1895975,-0.4696922,0.7054889,0.006107824,0.02412319,0.01850996,0.9995189,-0.002713132,0.09609767,-0.002552868,0.995365,-0.0035082,0.1026921,-0.001842484,0.9947053,---,-0.4957091,0.1895975,-0.4696922,0.7054889,0.006107825,0.02412319,0.01850996,0.9995191,-0.002713132,0.09609766,-0.002552868,0.9953649,-0.0035082,0.1026921,-0.001842484,0.9947053
T65.1543288882822,63.48199,130.0853,151.2507,3.873205,3.879486,3.437744,4.498779,2.090951,12.90897,4.42218,2.488908,15.3111,---,-0.801993,-0.0236112,-0.2291917,0.551109,0.03477381,-0.03280075,-0.02881779,0.998441,-0.04104354,0.01370493,-0.111597,0.992811,-0.04111929,0.01637005,-0.1322562,0.990227,---,-0.09548989,-0.2318448,-0.2330401,0.939586,0.6916539,-0.2633685,0.2393317,0.6284681,0.6482615,-0.1979016,0.1935953,0.7093045,0.6513931,-0.1819855,0.1811204,0.7139774
T71.3165159765631,14.90079,73.29166,113.1967,0.8009738,3.211356,1.859628,0.3806152,9.311314,0.1914063,0.4475098,10.74329,0.2712097,---,-0.55135,0.2389503,-0.6215582,0.5025748,0.007440791,0.02790295,0.016025,0.9994545,-0.00344615,0.08116106,-0.001395193,0.9966941,-0.004109652,0.09360547,-0.001990773,0.9955989,---,-0.55135,0.2389503,-0.6215582,0.5025748,0.007440792,0.02790295,0.016025,0.9994546,-0.00344615,0.08116106,-0.001395193,0.9966941,-0.004109652,0.09360547,-0.001990773,0.9955989
T77.6131601613015,7.20459,80.55307,123.6451,1.329909,125.5237,16.28412,4.519531,65.77431,2.794189,1.409821,21.83477,0.5466808,---,-0.5913724,0.2624112,-0.6520087,0.3953528,-0.1206565,0.8808426,-0.07503181,0.4515845,-0.0463297,0.5415953,0.0009453952,0.8393613,-0.0111765,0.1894346,0.007014012,0.9818047,---,-0.5913724,0.2624112,-0.6520087,0.3953528,-0.1206565,0.8808426,-0.07503181,0.4515845,-0.0463297,0.5415953,0.0009453952,0.8393613,-0.0111765,0.1894346,0.007014011,0.9818047
T84.6889593619853,86.5061,111.5533,27.32397,45.89005,174.9819,167.5598,67.02467,168.9755,166.279,29.51316,3.233883,1.24473,---,0.232237,0.6762102,-0.6472978,0.2642185,0.9164297,0.08271391,-0.002122494,0.391549,0.8303044,0.04647892,0.01387061,0.5551954,0.254893,0.02451929,0.003312784,0.9666527,---,-0.3139365,0.6423692,-0.270878,0.6445394,0.5895261,0.7065012,0.2753661,0.2783678,0.5542483,0.6199794,0.4023904,0.3827744,0.1628988,0.1975743,0.6858692,0.6811842
T91.1271947007626,0.1302795,99.59501,145.7005,6.79328,145.0419,11.96323,2.520233,122.0256,4.548157,2.097656,33.93853,0.3881539,---,-0.7300246,0.2245113,-0.6165342,0.1911658,-0.0815245,0.9488216,-0.08744954,0.292308,-0.04534942,0.8734049,-3.387625E-06,0.4848787,-0.01651887,0.2918674,0.008581509,0.9562777,---,-0.7300246,0.2245113,-0.6165342,0.1911658,-0.0815245,0.9488216,-0.08744954,0.292308,-0.04534942,0.8734049,-3.387625E-06,0.4848787,-0.01651887,0.2918674,0.008581509,0.9562777
T97.7745734173805,26.64774,159.766,95.16006,65.96251,19.00883,171.3019,1.107179,5.552474,128.6231,2.62323,4.056427,47.51276,---,-0.6798728,-0.6760806,-0.2792232,0.0521782,-0.1788287,0.5248421,-0.8181352,-0.1523673,-0.03946306,0.0296914,-0.9002674,0.4325271,-0.03519114,0.02316882,-0.4017491,0.91478,---,-0.4438471,-0.2806205,-0.6755018,0.5176382,-0.2341909,0.9496284,-0.2073895,0.01871103,0.2779382,0.6575802,-0.6155902,0.3337474,0.6219633,0.3004624,-0.2676967,0.6717311
T102.954549821094,22.70477,92.17653,159.7068,7.80698,148.7648,11.18839,1.558044,139.8468,4.899353,2.889618,53.84269,0.3118591,---,-0.6712175,0.2588142,-0.6943273,-0.01979931,-0.07542539,0.9580562,-0.09143323,0.2609206,-0.04480382,0.9380901,-0.001912569,0.3434764,-0.02371328,0.4525601,0.008990115,0.8913733,---,-0.6712175,0.2588142,-0.6943273,-0.01979931,-0.07542539,0.9580562,-0.09143323,0.2609206,-0.04480382,0.93809,-0.001912569,0.3434764,-0.02371328,0.4525601,0.008990115,0.8913733
T108.064341815189,14.09549,95.7179,139.9191,4.814148,113.0794,11.29745,0.5918274,106.8398,6.924438,2.069183,63.42567,6.35022,---,0.6631241,0.3295175,-0.6567466,-0.1427187,-0.105088,0.8272052,-0.01935365,0.5516462,-0.05156658,0.8013624,-0.03184908,0.5951008,-0.04444697,0.523919,-0.03763346,0.8497747,---,0.004509527,0.1320867,-0.9332895,-0.3339214,-0.0879935,0.9749951,0.0606233,-0.1948496,-0.05898378,0.9874486,0.01394238,-0.145849,-0.05803964,0.9713482,0.004817881,0.2304148
T113.664588117972,51.085,98.8521,164.9373,6.64763,144.7603,11.94104,1.76767,137.9375,4.568024,3.351288,82.55304,1.675171,---,-0.6426606,0.3678585,-0.6247236,-0.247766,-0.08151503,0.9481468,-0.08639213,0.2948042,-0.042725,0.9323119,8.561311E-05,0.3591228,-0.03161281,0.6590199,0.008306875,0.7514149,---,-0.6426606,0.3678585,-0.6247236,-0.247766,-0.08151504,0.9481469,-0.08639214,0.2948042,-0.042725,0.9323118,8.56131E-05,0.3591228,-0.03161281,0.6590199,0.008306875,0.7514149
T119.893710019067,35.25359,124.5453,153.1178,41.27775,40.24579,11.33725,3.177632,3.452712,140.1007,1.827895,3.783557,99.11026,---,-0.8532543,-0.05906329,-0.3689691,-0.3637728,0.361143,-0.28769,0.03387828,0.886376,-0.01885154,0.03632577,-0.93949,0.340123,-0.01477792,0.0335449,-0.7608606,0.6478793,---,-0.6792365,0.07000294,-0.6089507,0.4036291,0.883662,-0.3522016,0.1717657,0.2561092,0.4542752,0.5403446,-0.5030851,0.4985653,0.6104036,0.3396567,-0.3038259,0.6478662
T124.794680224732,64.88689,69.56743,157.8078,9.862865,160.1326,8.138,1.162964,148.9271,4.796326,3.298889,104.1085,2.777802,---,-0.5572374,0.3397136,-0.6212651,-0.4337176,0.05484331,-0.9799404,0.09665682,-0.1654281,-0.04302838,0.9624531,-0.001438092,0.2680123,-0.0368011,0.7876058,0.007793777,0.6150302,---,-0.5572374,0.3397136,-0.6212651,-0.4337176,0.05484331,-0.9799404,0.09665682,-0.1654281,-0.04302838,0.9624531,-0.001438092,0.2680123,-0.0368011,0.7876058,0.007793777,0.6150302
T132.913653822616,64.67401,44.24199,113.2467,1.209953,0.4675598,1.025545,0.02325907,6.144956,0.5048523,0.997467,38.74889,1.831848,---,-0.5382989,0.2387634,-0.5428188,-0.5988106,-0.01052161,0.004174394,-0.008991956,-0.9998955,-3.345313E-05,0.05359953,-0.004410083,0.9985528,-0.01351317,0.3315542,-0.0121922,0.9432606,---,-0.5382989,0.2387634,-0.5428188,-0.5988106,-0.01052161,0.004174395,-0.008991957,-0.9998956,-3.345313E-05,0.05359953,-0.004410083,0.9985527,-0.01351317,0.3315542,-0.0121922,0.9432606
