T6.49009614158422,4.252197,1.182215,3.825958,0.002198612,0.04504395,0.07815552,0.1669312,0.04303462,0.2662048,0.1153259,0.04297863,0.2507629,---,-0.03742051,0.009065391,-0.03297421,0.9987143,1.945463E-05,-0.0003931599,-0.0006819648,0.9999997,-0.001457493,0.0003721626,-0.00232259,0.9999962,-0.001007166,0.000372856,-0.002187945,0.9999971,---,-0.03742051,0.009065391,-0.03297421,0.9987143,1.945463E-05,-0.0003931599,-0.0006819647,0.9999996,-0.001457493,0.0003721626,-0.00232259,0.9999962,-0.001007166,0.000372856,-0.002187945,0.9999971
T12.7878898764029,8.087708,1.475027,6.723328,0.1087036,3.368733,0.4987978,0.2985535,2.613472,0.08942936,0.2461853,1.322846,0.1609409,---,-0.07114568,0.008682708,-0.05758143,0.9957647,-0.0008203051,0.02939734,0.00437882,0.9995579,-0.00258695,0.02280682,0.0008396291,0.9997362,-0.002131957,0.01154673,0.001429177,0.9999301,---,-0.07114568,0.008682708,-0.05758143,0.9957647,-0.0008203051,0.02939734,0.00437882,0.9995579,-0.00258695,0.02280682,0.0008396291,0.9997362,-0.002131957,0.01154673,0.001429177,0.9999301
T20.4839194538072,4.387454,16.378,24.75354,2.18399,0.5124207,0.8489762,6.48849,1.464881,0.0850611,5.657111,1.396132,0.004597685,---,0.00649965,0.1471475,-0.217324,0.9649226,0.01902391,-0.004611935,0.007492445,0.9997804,0.05659733,0.01272066,1.761738E-05,0.998316,0.04934438,0.01216643,-0.0005611432,0.9987076,---,-0.09945305,0.1086449,0.528632,0.8359746,0.01671307,0.01019081,0.7122494,0.7016535,0.0310255,0.04901522,0.7059285,0.7059036,0.02628878,0.04349471,0.7057961,0.7065897
T25.8080233307555,19.26208,4.637712,26.1839,0.009730819,4.555394,0.4824985,0.4951172,4.926974,0.1066793,0.4970398,5.277108,0.1109725,---,-0.1718567,0.0009879981,-0.2165458,0.9610267,0.00025219,0.03974213,0.00420388,0.9992011,-0.004276658,0.04298631,0.001115798,0.9990659,-0.004288219,0.04603893,0.001167054,0.9989298,---,-0.1718567,0.0009879981,-0.2165458,0.9610267,0.00025219,0.03974213,0.00420388,0.9992011,-0.004276658,0.04298631,0.001115798,0.9990659,-0.004288219,0.04603893,0.001167054,0.9989298
T32.525067650713,21.96228,27.72839,0.6743371,11.51007,2.834975,1.525024,1.412455,1.280485,4.862457,1.140738,1.222963,8.644409,---,-0.1863173,-0.2341415,-0.04003506,0.9533419,0.09990835,0.02594448,-0.01571707,0.9945342,0.01183985,0.01168603,-0.04255196,0.9989558,0.009121506,0.01139148,-0.075463,0.9970418,---,0.5423683,-0.137254,-0.1938721,0.8058608,0.7738877,0.02945917,0.007231873,0.632596,0.7147405,0.03835205,-0.02182551,0.6979964,0.7114649,0.06141539,-0.04530541,0.6985652
T37.7747536720708,22.66122,13.57582,36.93973,0.424326,3.369262,0.723763,0.3394165,3.300524,0.2368568,0.5175781,4.685356,0.1527698,---,-0.2217587,0.04811475,-0.2864283,0.930842,0.003886936,0.02937396,0.006204352,0.9995416,-0.002901294,0.02880445,0.0021514,0.9995785,-0.004458323,0.04088161,0.00151666,0.9991529,---,-0.2217587,0.04811475,-0.2864283,0.930842,0.003886937,0.02937396,0.006204353,0.9995418,-0.002901294,0.02880445,0.0021514,0.9995785,-0.004458323,0.04088161,0.00151666,0.9991529
T43.7942090565339,28.76664,3.095021,32.94864,5.760559,10.8514,0.8281824,3.058441,9.346255,3.443787,2.987854,8.899381,3.516571,---,0.2307047,0.09550463,-0.2810296,0.9266481,-0.04934024,0.0947945,0.0119369,0.9942017,-0.02903316,0.08060606,-0.02776439,0.9959362,-0.02835985,0.07672329,-0.02855854,0.9962398,---,-0.03558508,0.7227711,-0.3618507,0.5877072,-0.02644815,0.7700366,0.04332948,0.6359769,-0.04016193,0.7612303,0.0008971591,0.6472362,-0.04024737,0.7586994,-0.0001404984,0.6501963
T48.9752394603565,26.48798,22.15164,33.89886,0.3319815,4.167176,0.7683718,0.5839539,5.563437,0.1674052,0.590332,5.759403,0.1084175,---,-0.2695802,0.1133312,-0.2363885,0.9266084,0.003138886,0.03633708,0.006595469,0.9993129,-0.005018938,0.04853783,0.001706452,0.9988073,-0.00509768,0.0502433,0.001203732,0.9987233,---,-0.2695802,0.1133312,-0.2363885,0.9266084,0.003138885,0.03633707,0.006595469,0.9993129,-0.005018938,0.04853783,0.001706452,0.9988073,-0.00509768,0.0502433,0.001203732,0.9987233
T55.9034935580567,41.69348,14.6904,27.97385,8.469725,5.003571,5.108917,0.6041522,0.9369015,8.684326,0.6388019,0.9024123,9.238159,---,-0.3713624,0.03062728,-0.1798761,0.9103826,0.07564146,-0.04019995,-0.04118478,0.9954728,0.004637878,0.008551494,-0.07575204,0.9970793,0.004922124,0.008298163,-0.08057086,0.9967022,---,0.3925184,-0.2093197,0.04835633,0.8943021,0.7217617,-0.2482612,0.2366743,0.6011753,0.6725876,-0.2134788,0.2271618,0.6711559,0.6738995,-0.2103173,0.2238232,0.6719593
T61.2237212667242,27.79266,29.56954,40.51163,0.3916248,4.447576,0.7214305,0.3746033,4.960228,0.0505308,0.4634399,5.022399,0.04156494,---,-0.3036168,0.1520045,-0.2674547,0.9017647,0.003659209,0.03878018,0.006158242,0.9992221,-0.003246952,0.04327385,0.0005820115,0.9990578,-0.004056209,0.04381285,-0.0001850505,0.9990315,---,-0.3036168,0.1520045,-0.2674547,0.9017647,0.003659209,0.03878018,0.006158242,0.9992221,-0.003246952,0.04327385,0.0005820115,0.9990578,-0.004056209,0.04381285,-0.0001850505,0.9990315
T67.9443561928347,30.35876,32.66021,42.0752,6.580356,141.7969,13.46069,5.55545,57.30769,1.661407,1.266846,6.403443,1.685868,---,-0.3319431,0.1630694,-0.2637641,0.8908707,-0.09190939,0.9390826,-0.09214772,0.3180965,-0.04946599,0.4782865,0.01052817,0.8767465,-0.01021505,0.05600443,0.01530496,0.998261,---,-0.3319431,0.1630694,-0.2637641,0.8908707,-0.09190939,0.9390826,-0.09214772,0.3180964,-0.04946599,0.4782865,0.01052817,0.8767464,-0.01021505,0.05600443,0.01530496,0.998261
T75.1540086539462,27.08373,37.42304,43.61377,40.34979,177.144,171.2538,79.34386,27.10807,25.22887,10.7001,2.457266,1.741092,---,0.09005056,0.3719533,-0.4118063,0.8270171,-0.9362762,-0.06298085,0.00296639,-0.3455597,0.6450263,0.04050255,0.01741187,0.7628876,0.09353247,0.01992987,0.01312461,0.9953303,---,-0.1993354,0.3266861,0.2935984,0.8759804,-0.6175131,-0.7065814,-0.24225,-0.2464451,0.4274628,0.4847421,0.5517551,0.527131,0.05204489,0.08022999,0.7130853,0.6945243
T80.6828754814342,36.41052,32.62344,56.68661,9.363799,148.2077,12.6506,4.305573,95.2859,4.064606,1.674805,12.1434,1.622207,---,-0.3905667,0.09246594,-0.3556072,0.8440683,0.08338648,-0.9551783,0.1080996,-0.2626701,-0.05148019,0.737077,0.003864857,0.6738341,-0.01303424,0.1059568,0.01562074,0.9941626,---,-0.3905667,0.09246594,-0.3556072,0.8440683,0.08338647,-0.9551783,0.1080996,-0.2626701,-0.05148019,0.7370769,0.003864856,0.673834,-0.01303424,0.1059568,0.01562074,0.9941626
T86.5636823223904,50.53375,53.9566,3.55026,64.15424,13.5167,166.0348,0.6954956,3.823085,173.0613,0.1354675,2.538235,47.67926,---,-0.392912,-0.3982717,-0.1685772,0.8115304,0.1630879,-0.5113364,0.8276077,0.1643258,-0.03366185,-0.004036193,-0.9975812,0.06068171,-0.01003289,0.0197811,-0.4040546,0.914466,---,0.2960079,-0.1624185,-0.4008228,0.8516694,0.2315164,-0.9467763,0.2236376,0.000875338,0.01910593,0.7025424,-0.7082505,0.06671096,0.6395307,0.2996971,-0.2717224,0.6537194
T91.4642920354381,30.84961,46.26258,71.4967,9.275815,152.8094,10.55325,0.07330322,166.459,5.096283,3.276642,47.00391,0.4216873,---,-0.4197482,0.1644443,-0.4331077,0.7805045,0.07016878,-0.9664402,0.09980628,-0.2260718,-0.04422418,0.9920409,-0.004606802,0.1178041,-0.02475157,0.3987111,0.01477443,0.9166235,---,-0.4197482,0.1644443,-0.4331077,0.7805045,0.07016877,-0.9664401,0.09980626,-0.2260718,-0.04422418,0.9920409,-0.004606802,0.1178041,-0.02475156,0.3987111,0.01477443,0.9166234
T98.2525142328814,50.67981,0.6429749,59.8465,5.123962,121.1032,12.06155,0.1875305,103.5399,7.576782,2.777588,48.8787,6.28894,---,0.3734581,0.2090985,-0.448755,0.7844908,0.1132518,-0.8628051,0.01289183,-0.4925193,-0.05291194,0.7837479,-0.03960365,0.6175526,-0.04471995,0.4117752,-0.03991194,0.9093121,---,-0.0532429,0.7025738,-0.5813925,0.4068638,0.08919701,-0.958359,-0.07096521,0.2618316,-0.0654184,0.990869,0.009410383,-0.1175178,-0.05984378,0.9341497,0.00339977,0.3518117
T105.186111030169,29.88351,50.74582,66.48151,7.024003,143.1906,13.37039,3.53244,111.839,4.157318,3.336273,47.92629,0.5055341,---,-0.4217947,0.2185734,-0.3861285,0.7907084,0.09104285,-0.9428805,0.09441508,-0.3062246,-0.04728734,0.8266866,0.005195722,0.5606481,-0.02480994,0.4060902,0.01585265,0.9133586,---,-0.4217947,0.2185734,-0.3861285,0.7907084,0.09104285,-0.9428804,0.09441507,-0.3062246,-0.04728734,0.8266866,0.005195722,0.5606481,-0.02480994,0.4060902,0.01585265,0.9133586
T111.411920608021,65.41937,50.45739,72.25781,41.29124,41.14349,16.39346,3.033001,1.185604,22.04364,2.436065,0.9958888,45.54004,---,-0.606286,0.001450488,-0.262748,0.7505855,-0.373611,0.2783914,0.002282395,-0.8848208,0.02399798,0.01521112,-0.1913743,0.9811058,0.01623687,0.01623843,-0.3871015,0.9217511,---,0.1649748,-0.1945708,-0.1316537,0.9579107,-0.8980599,0.3187093,-0.1571702,-0.2592493,0.7042851,-0.1240331,0.156895,0.6811625,0.713125,0.01846408,0.01153979,0.7006987
T115.964043055661,23.83176,60.78311,80.12991,10.93137,87.45606,19.77289,4.765106,32.87988,0.04853328,3.141815,44.20919,0.6463782,---,-0.454918,0.264198,-0.4633033,0.7131614,0.1859507,-0.6660573,0.05864615,-0.7199658,-0.0397522,0.2827823,0.01217103,0.9582828,-0.02327698,0.3762945,0.01553987,0.9260774,---,-0.454918,0.264198,-0.4633033,0.7131614,0.1859507,-0.6660572,0.05864614,-0.7199657,-0.0397522,0.2827823,0.01217103,0.9582828,-0.02327698,0.3762944,0.01553986,0.9260773
T120.866116252728,21.41861,63.47814,90.13666,0.2830864,0.503658,0.05755171,0.3083496,3.262787,0.3473511,1.095398,17.71914,0.7322693,---,-0.4775467,0.253178,-0.5225509,0.6593865,-0.002472576,-0.004393977,-0.000491369,-0.9999872,-0.002775917,0.02846095,-0.002953439,0.9995867,-0.01042897,0.1539427,-0.004841592,0.9880129,---,-0.4775467,0.253178,-0.5225509,0.6593865,-0.002472576,-0.004393977,-0.000491369,-0.9999872,-0.002775917,0.02846095,-0.002953439,0.9995867,-0.01042897,0.1539427,-0.004841592,0.9880129
