T2.86615963373333,1.006368,0.6712999,1.062931,0.0177002,0.002096672,0.05004883,0.08276473,0.04476787,0.1705748,0.04771306,0.009765625,0.216983,---,0.008835911,0.005776227,0.009223733,0.9999018,-0.0001545636,-1.836443E-05,-0.0004368527,0.9999999,0.0007228391,0.0003895977,0.001488263,0.9999986,0.0004162129,-8.596948E-05,0.001893568,0.9999982,---,0.008835911,0.005776227,0.009223733,0.9999018,-0.0001545636,-1.836443E-05,-0.0004368526,0.9999998,0.0007228391,0.0003895977,0.001488263,0.9999986,0.0004162129,-8.596948E-05,0.001893568,0.9999982
T12.8080551149324,5.855432,3.233577,3.055807,0.3204651,6.507683,0.1468316,0.4352417,5.86459,0.23517,0.5560913,6.892668,0.1386031,---,0.05178888,0.02680636,0.02517781,0.9979807,-0.002719254,0.05676304,0.001438004,0.9983829,-0.003688158,0.05116317,0.002243838,0.998681,-0.004771397,0.06011873,0.001499063,0.9981787,---,0.05178888,0.02680636,0.02517781,0.9979807,-0.002719254,0.05676304,0.001438004,0.9983829,-0.003688158,0.05116317,0.002243838,0.998681,-0.004771397,0.06011873,0.001499063,0.9981787
T23.0263993414119,3.539043,5.71347,33.65629,4.739112,0.2628479,2.61372,5.210535,0.4361899,3.450428,3.480794,0.3364731,3.6847,---,0.01509844,-0.05661031,0.2904775,0.9550865,0.04128163,-0.003234147,0.02288228,0.9988803,0.04554837,0.00243235,0.02990184,0.9985116,0.03044952,0.001956997,0.03204543,0.9990206,---,0.05070575,-0.02935332,0.8807467,0.4699496,0.03147741,0.02690363,0.7224951,0.6901347,0.03048763,0.03392749,0.7271981,0.6849105,0.02014725,0.02291486,0.7290738,0.6837547
T29.1178577179089,2.885086,5.088066,38.00289,0.2319641,6.226151,0.04635851,0.4308167,5.342425,0.1514396,0.4258423,5.277059,0.234613,---,0.03822678,0.0337667,0.3241115,0.944643,-0.001999248,0.05430739,0.0005138844,0.9985222,-0.003694027,0.04660917,0.001495334,0.9989053,-0.00361799,0.04604193,0.002216272,0.9989305,---,0.03822678,0.0337667,0.3241115,0.944643,-0.001999248,0.05430739,0.0005138844,0.9985222,-0.003694027,0.04660917,0.001495334,0.9989053,-0.00361799,0.04604193,0.002216272,0.9989305
T34.789370582439,9.316216,35.54813,6.27227,6.393742,3.229337,2.273407,2.595795,2.488977,0.2805545,2.678467,2.517962,0.2531214,---,0.09386306,0.2995696,0.02717179,0.9490572,0.05517575,0.02923402,-0.02137018,0.9978198,-0.02259197,0.02176852,0.002939031,0.9995035,-0.02331766,0.02201716,0.00272128,0.999482,---,0.737456,0.1926143,0.231041,0.6047136,0.7445803,0.03578257,0.005560579,0.66655,0.6907808,0.01331446,0.01747088,0.7227306,0.6902524,0.01364425,0.01749272,0.7232286
T39.8254691557959,16.30579,2.30733,36.03112,0.2668152,6.550424,0.1974487,0.2853088,4.028423,0.163255,0.2503052,3.220899,0.3111117,---,0.1409989,-0.02489775,0.3033721,0.9420536,-0.002423008,0.05712786,-0.001587268,0.9983627,-0.002438117,0.03515078,0.001511291,0.9993779,-0.002107063,0.0281097,0.002775265,0.9995988,---,0.1409989,-0.02489775,0.3033721,0.9420536,-0.002423008,0.05712786,-0.001587268,0.9983626,-0.002438117,0.03515078,0.001511291,0.9993779,-0.002107063,0.0281097,0.002775265,0.9995988
T45.3575682574883,30.58563,10.10135,13.47752,3.173065,13.26195,0.4973765,1.881683,12.44902,3.742035,1.921661,10.12091,3.712585,---,-0.2708776,-0.0535037,0.08968859,0.9569319,-0.02700022,0.1155482,0.007506795,0.9929065,-0.01985403,0.1078192,-0.03067345,0.9934989,-0.01955157,0.08760708,-0.03078352,0.9954874,---,-0.12812,0.6388202,0.2549588,0.7144859,-0.01378393,0.7837958,0.02440014,0.620386,-0.03572832,0.7787495,-0.007650491,0.6262701,-0.03559228,0.7658634,-0.007942193,0.6419683
T50.1164708668366,16.91625,4.58321,31.89403,0.4302063,5.56086,0.4179894,0.695282,11.31796,0.6673201,0.71698,11.44659,0.4929634,---,0.1521794,-0.002351019,0.2658877,0.9519137,-0.003572791,0.04852163,0.003825427,0.9988084,-0.005463447,0.09863903,0.00639322,0.9950877,-0.005796675,0.09974819,0.004904337,0.9949838,---,0.1521794,-0.002351019,0.2658877,0.9519137,-0.003572791,0.04852163,0.003825426,0.9988084,-0.005463447,0.09863903,0.00639322,0.9950877,-0.005796675,0.09974819,0.004904337,0.9949838
T55.995129221119,35.71603,16.01427,12.7527,8.852904,4.938477,5.78833,2.238461,0.8387181,1.131073,2.266469,0.7693499,1.085083,---,0.3165157,0.09803972,0.06222497,0.9414532,0.07917815,-0.03900656,-0.04697289,0.9949889,0.01945931,0.007510168,-0.01001106,0.9997323,0.01971249,0.006899448,-0.009599668,0.9997358,---,0.7784405,-0.1457098,0.4451019,0.4179516,0.7249992,-0.2426123,0.2344987,0.6004378,0.6664957,-0.2538137,0.2741575,0.6451354,0.6667174,-0.2544138,0.2740967,0.6446957
T61.1765194209293,22.05343,2.227356,33.32642,0.3155518,4.683669,0.5294616,0.2279358,2.663433,0.4274225,0.218811,2.172924,0.2871743,---,0.1777298,-0.07311076,0.2849598,0.9390767,-0.002562657,0.04087346,0.004729053,0.9991499,-0.001901909,0.02324796,0.00377517,0.9997208,-0.001861705,0.01896589,0.002541819,0.9998152,---,0.1777298,-0.07311076,0.2849598,0.9390767,-0.002562656,0.04087346,0.004729053,0.9991497,-0.001901909,0.02324796,0.00377517,0.9997208,-0.001861705,0.01896589,0.002541819,0.9998152
T69.0141972275451,25.33762,1.94928,37.8735,8.655007,144.9409,11.99274,3.219147,115.5072,4.732269,0.7952271,1.334194,0.6563153,---,0.2020295,-0.08686022,0.3201061,0.921505,-0.07672711,0.9480149,-0.1029347,0.291179,-0.04987778,0.8440881,0.001716738,0.533877,-0.006872362,0.01168205,0.005807669,0.9998913,---,0.2020295,-0.08686022,0.3201061,0.921505,-0.07672711,0.9480147,-0.1029347,0.291179,-0.04987778,0.844088,0.001716738,0.533877,-0.006872362,0.01168205,0.005807669,0.9998913
T75.0342437522486,2.275726,20.37088,43.58852,42.57,179.3024,172.0664,65.73074,168.7929,165.892,3.40148,1.720574,0.6667933,---,-0.08378944,-0.1569061,0.3620911,0.9150136,0.9296898,0.06225331,-0.0194526,0.3625233,0.8361142,0.05006924,0.01507207,0.5460577,0.02976264,0.01483472,0.005370014,0.9994325,---,0.05170128,-0.1701974,0.9030494,0.3909753,0.6133701,0.7014095,0.2425876,0.2700977,0.5558177,0.6266263,0.3967786,0.3754635,0.01055563,0.0315351,0.7105027,0.7029083
T80.0778320366517,19.52581,0.6727864,48.14061,9.326332,147.0957,11.33414,2.58017,126.6026,4.860474,0.9235229,5.666857,1.034109,---,0.1571837,-0.06387679,0.4010348,0.9002134,-0.07147913,0.9534837,-0.1054623,0.2731982,-0.04797903,0.8919229,0.001048947,0.4496337,-0.007602935,0.04950152,0.009411228,0.9987008,---,0.1571837,-0.06387679,0.4010348,0.9002134,-0.07147913,0.9534836,-0.1054623,0.2731982,-0.04797903,0.8919229,0.001048947,0.4496337,-0.007602935,0.04950152,0.009411228,0.9987008
T85.3989391261712,9.3519,49.95258,13.75828,64.40879,12.56043,159.7352,0.5480652,4.625663,113.8602,1.38208,2.184537,10.3847,---,0.1237706,0.4089572,0.07403938,0.9010844,-0.1843121,0.5051972,-0.8177007,-0.2053545,-0.03642537,0.01801563,-0.8372081,0.5453725,-0.0137341,0.01789163,-0.09024755,0.9956639,---,0.7246819,0.2368227,0.3415302,0.5496438,-0.2755359,0.9354299,-0.2209733,-0.0148792,0.35988,0.6047346,-0.5792567,0.4113933,0.6943293,0.07646595,-0.05116336,0.7137522
T90.3640439501032,19.12322,0.4007568,48.72114,8.346573,148.2484,10.21448,2.894379,121.7436,5.095001,1.094849,9.671178,0.9755982,---,0.1498957,-0.07165706,0.407274,0.8980671,-0.06556924,0.9572701,-0.09400665,0.2655133,-0.05109534,0.8718448,0.0004110852,0.4871097,-0.008802248,0.08437094,0.009288271,0.9963523,---,0.1498957,-0.07165706,0.407274,0.8980671,-0.06556924,0.9572701,-0.09400664,0.2655133,-0.05109534,0.8718447,0.0004110852,0.4871096,-0.008802248,0.08437094,0.009288271,0.9963523
T96.5255423365161,44.43829,24.8942,25.08063,5.587006,121.9731,11.06326,0.7165591,114.9387,6.736755,3.348724,9.650925,4.135254,---,-0.4037764,-0.1145964,0.1167179,0.9001163,-0.1077259,0.8671204,-0.004275856,0.4862912,-0.04617909,0.8418283,-0.03685805,0.5365016,-0.03213027,0.08297956,-0.03347955,0.9954703,---,-0.2029811,0.5554464,0.3680451,0.7175102,-0.07919718,0.9570065,0.07315021,-0.2692869,-0.05871612,0.9746265,0.006590969,-0.2158986,-0.04639315,0.7625793,-0.000954084,0.6452284
T101.218499827199,17.03844,0.4396996,35.34733,24.12781,156.2458,1.539706,4.714783,145.8767,4.348419,1.408875,14.12013,0.5429453,---,0.1423001,-0.04135897,0.2997016,0.9424538,-0.03015357,0.9574708,0.2072137,0.1985019,-0.04829736,0.9540352,0.02817257,0.2944329,-0.01161877,0.1229569,0.006212884,0.9923246,---,0.1423001,-0.04135897,0.2997016,0.9424538,-0.03015357,0.9574708,0.2072137,0.1985019,-0.04829736,0.9540352,0.02817257,0.2944329,-0.01161877,0.1229569,0.006212884,0.9923246
T106.883118732832,37.69384,23.95215,11.33454,40.81832,41.42926,11.59625,0.7926992,2.200024,118.3941,2.475585,0.6581778,14.63138,---,0.3338575,0.1642117,0.02471824,0.9278808,0.358,-0.2968621,0.03415536,0.8846143,-0.01294737,0.01577125,-0.8588226,0.5118665,0.02069446,0.008446226,-0.1274276,0.991596,---,0.7731462,-0.06961304,0.4648484,0.4258111,0.8828647,-0.3587483,0.1646276,0.2544547,0.5540627,0.4293424,-0.4157433,0.5795146,0.6935068,-0.1739603,0.1961955,0.6710392
T112.484101529233,14.95253,2.837406,39.67124,15.552,156.4366,0.4632874,3.487579,133.9819,5.092712,1.478729,14.59109,0.412328,---,0.130688,-0.02104602,0.3333047,0.9334805,0.03154727,-0.9698113,-0.1316311,-0.2028401,-0.05275683,0.9185802,0.01062393,0.3915538,-0.01234245,0.1270221,0.005207427,0.9918094,---,0.130688,-0.02104602,0.3333047,0.9334805,0.03154727,-0.9698112,-0.1316311,-0.20284,-0.05275683,0.9185801,0.01062393,0.3915538,-0.01234245,0.1270221,0.005207427,0.9918094
T119.697212665342,16.45879,0.3801127,43.52094,0.1336365,0.3152635,0.278717,0.5732727,5.204332,0.1420593,0.4222412,3.1737,0.02580122,---,0.1341534,-0.05001535,0.3664667,0.9193495,0.001172895,-0.002748343,0.002429025,-0.9999926,-0.005053735,0.04539396,-0.00101122,0.9989559,-0.003677126,0.02769286,0.0003271098,0.9996096,---,0.1341534,-0.05001535,0.3664667,0.9193495,0.001172895,-0.002748343,0.002429025,-0.9999925,-0.005053735,0.04539396,-0.00101122,0.9989559,-0.003677126,0.02769286,0.0003271098,0.9996096
