T3.2197940312326,0.7669042,0.4677018,0.9502535,0.02148438,0.03723145,0.02124023,0.01226807,0.1691284,0.008087158,0.008100818,0.1211853,0.09235975,---,0.00672601,0.004025729,0.008264862,0.9999352,-0.0001873317,-0.0003249492,-0.0001853607,0.9999999,-0.0001068415,-0.001476012,-7.083314E-05,0.9999989,6.984048E-05,-0.001057685,0.0008060651,0.9999991,---,0.00672601,0.004025729,0.008264862,0.9999352,-0.0001873317,-0.0003249492,-0.0001853607,0.9999999,-0.0001068415,-0.001476012,-7.083314E-05,0.9999989,6.984048E-05,-0.001057685,0.0008060651,0.9999991
T14.2609188258648,2.962375,2.046107,3.86827,0.2866211,5.794851,0.2219068,0.1921387,4.845661,0.2005255,0.1923828,4.591047,0.2261179,---,0.02643228,0.0169663,0.03327269,0.9989527,-0.002400093,0.05055264,0.002060449,0.9987164,-0.001601241,0.04227657,0.001819228,0.999103,-0.001598461,0.0400569,0.002038907,0.999194,---,0.02643228,0.0169663,0.03327269,0.9989527,-0.002400093,0.05055264,0.002060449,0.9987164,-0.001601241,0.04227657,0.001819228,0.999103,-0.001598461,0.0400569,0.002038907,0.999194
T21.2039840444922,2.049561,3.797821,6.032569,2.923229,0.3592406,1.65656,1.477631,0.910525,0.4160047,2.455353,0.775849,0.4166375,---,-0.01959347,-0.0321444,0.05199067,0.9979378,0.02554973,0.00276489,0.01437098,0.9995664,-0.01286502,0.007991842,0.003732356,0.9998783,-0.02140024,0.006846807,0.003779982,0.9997404,---,0.008874847,-0.0365842,0.7424116,0.6688856,0.01611131,0.02002146,0.716962,0.6966383,-0.01474803,-0.003445856,0.7096599,0.7043816,-0.01997368,-0.01029083,0.7095961,0.7042504
T27.6309401337057,4.939929,0.6314321,5.972315,0.3468323,3.687806,0.8254153,0.2204285,4.922797,0.3360907,0.2232056,4.827458,0.3952633,---,0.04332327,0.003252642,0.05180835,0.9977117,-0.002793298,0.03219743,0.007296669,0.999451,-0.001795811,0.04295167,0.003012837,0.999071,-0.001800907,0.04212144,0.003528286,0.9991047,---,0.04332327,0.003252642,0.05180835,0.9977117,-0.002793298,0.03219743,0.007296669,0.999451,-0.001795811,0.04295167,0.003012837,0.999071,-0.001800907,0.04212144,0.003528286,0.9991047
T33.7230177298188,11.74236,7.864586,7.119543,10.73864,2.320799,3.910522,1.833975,1.691402,4.569855,1.89885,1.786902,0.9562378,---,0.1060901,0.0617499,0.05461725,0.9909333,0.09281365,0.02334287,-0.03585645,0.9947639,0.01540092,0.01538409,-0.04009563,0.9989587,0.01643714,0.0157286,-0.008600877,0.9997042,---,0.7757127,0.005043542,0.082284,0.6256787,0.7690334,0.04186024,-0.00884844,0.6377751,0.7172606,0.03923009,-0.0174737,0.6954804,0.7185205,0.01720354,0.00504006,0.6952748
T39.9531714208424,13.63524,6.773193,3.843654,0.2254639,5.458167,0.04625116,0.2570496,5.583415,0.3480025,0.1989136,4.301298,0.4827229,---,0.1164683,-0.06259622,0.04024919,0.9904025,-0.001945977,0.04761418,0.0004968349,0.9988638,-0.002092663,0.04871167,0.003142535,0.9988058,-0.001576468,0.03753401,0.004274705,0.999285,---,0.1164683,-0.06259622,0.04024919,0.9904025,-0.001945976,0.04761418,0.0004968349,0.9988638,-0.002092663,0.04871167,0.003142535,0.9988058,-0.001576468,0.03753401,0.004274705,0.999285
T46.3907870128751,7.322449,13.56516,12.29383,5.239197,12.15842,0.05657765,4.157135,11.30185,3.311188,4.340302,8.326974,3.185791,---,-0.0756657,-0.1103935,0.09861353,0.9860849,-0.04539546,0.105815,0.00533072,0.9933348,-0.03892164,0.09731876,-0.02516224,0.9941735,-0.03976938,0.07147267,-0.02495621,0.9963369,---,0.01622656,0.6192073,0.123234,0.7753273,-0.02833005,0.7772162,0.03586883,0.6275712,-0.04531415,0.7718016,0.009729365,0.6341721,-0.0457679,0.7550554,0.01047449,0.6539778
T52.6337813958526,17.24303,7.27652,6.062492,0.2158813,5.863457,0.237552,0.5696106,11.55897,0.1720661,0.6001587,11.42085,0.2054905,---,0.1460775,-0.07056318,0.06167693,0.984824,-0.001775453,0.05114969,0.00216667,0.9986871,-0.004794335,0.1007061,0.001994469,0.9949027,-0.005032832,0.09950862,0.002305429,0.9950213,---,0.1460775,-0.07056318,0.06167693,0.984824,-0.001775453,0.05114968,0.00216667,0.9986869,-0.004794335,0.1007061,0.001994469,0.9949027,-0.005032832,0.09950862,0.002305429,0.9950213
T58.9225248284638,27.05765,0.9608459,10.74727,11.65523,5.413483,6.382782,4.936011,0.6871256,4.086578,4.863652,0.5664326,4.363312,---,0.2321348,-0.03002351,0.09300129,0.9677618,0.1038807,-0.04126071,-0.05053439,0.9924478,0.04281975,0.007522209,-0.03587895,0.99841,0.04221135,0.006550224,-0.03824259,0.9983551,---,0.7668285,-0.2794291,0.3658319,0.4472812,0.7410506,-0.2343862,0.2366963,0.5829938,0.6878895,-0.2302277,0.2632298,0.6360137,0.6883587,-0.2294683,0.2608712,0.6367518
T65.0142011232674,22.60615,9.637634,12.08577,0.2000122,5.700118,0.3103522,0.1863708,4.620062,0.1533571,0.1436157,4.610879,0.06171332,---,0.1855488,-0.1024785,0.1192395,0.9699752,-0.00160862,0.04972686,0.002791764,0.9987577,-0.001571084,0.04030881,0.001402756,0.9991851,-0.001230737,0.04022729,0.0005885346,0.9991896,---,0.1855488,-0.1024785,0.1192395,0.9699752,-0.00160862,0.04972686,0.002791764,0.9987575,-0.001571084,0.04030881,0.001402756,0.9991851,-0.001230737,0.04022729,0.0005885346,0.9991896
T72.7824515402317,24.13519,9.245605,13.04877,8.124568,145.121,11.54782,3.834412,98.10631,5.19516,0.598175,7.665944,0.4878252,---,0.1980804,-0.1019821,0.1274943,0.9664932,-0.07461457,0.948945,-0.09731659,0.2906297,-0.05611505,0.7531258,-0.004441405,0.6554639,-0.004923677,0.06686876,0.004596427,0.9977391,---,0.1980804,-0.1019821,0.1274943,0.9664932,-0.07461455,0.9489447,-0.09731656,0.2906296,-0.05611505,0.7531258,-0.004441405,0.6554639,-0.004923677,0.06686876,0.004596427,0.9977391
T78.254374127835,10.40375,23.11206,16.05205,41.94067,179.6944,172.2602,45.72115,174.6501,170.6622,6.647007,1.519112,0.1123356,---,-0.1158122,-0.1851445,0.1182445,0.9686729,0.931569,0.06397323,-0.0266389,0.3568991,0.9188704,0.05685189,0.01127321,0.3902793,0.0579814,0.01317724,0.0002100599,0.9982307,---,0.04902535,-0.2128085,0.7685667,0.6013437,0.6134828,0.7039546,0.2335292,0.2712023,0.6095392,0.6899399,0.2839405,0.2679978,0.03168133,0.05031675,0.7060043,0.7057072
T83.708258125931,26.42821,10.4761,12.70968,8.679083,148.8116,10.48929,0.8621521,148.036,6.034027,0.603241,7.592704,0.7215173,---,0.2163998,-0.1135267,0.1280457,0.9611905,-0.06753562,0.9582669,-0.0970787,0.2602677,-0.05266531,0.9598795,-0.007268446,0.2753269,-0.004835729,0.06624121,0.006631023,0.9977699,---,0.2163998,-0.1135267,0.1280457,0.9611905,-0.06753561,0.9582667,-0.09707869,0.2602676,-0.0526653,0.9598795,-0.007268446,0.2753268,-0.004835729,0.06624121,0.006631023,0.9977699
T89.6507937945426,24.84914,24.82983,13.08699,62.32311,10.16593,18.45162,1.597717,3.461341,110.1601,0.2571963,1.39306,17.30679,---,0.2326801,0.1846418,0.06273168,0.9528023,-0.5209057,0.0078011,-0.09140088,-0.848671,-0.03273858,0.005859719,-0.8192581,0.5724597,0.0003897319,0.0123557,-0.1504723,0.988537,---,0.8382626,0.08620345,0.1749194,0.5092033,-0.9684368,0.07014639,-0.05911397,-0.2317651,0.3816404,0.5834464,-0.5751595,0.4279398,0.6992767,0.1151367,-0.09766315,0.6987256
T95.3276414014399,29.69434,4.21463,18.83712,4.95436,131.8784,15.05917,3.654785,100.5767,4.133789,1.239471,16.95775,0.9507152,---,0.2467998,-0.07696891,0.1673702,0.9513953,0.1020712,-0.9067032,0.09250087,-0.3986408,-0.04809184,0.7676436,0.001483121,0.6390683,-0.00947444,0.1475198,0.009800043,0.9889652,---,0.2467998,-0.07696891,0.1673702,0.9513953,0.1020712,-0.9067031,0.09250086,-0.3986407,-0.04809184,0.7676436,0.001483121,0.6390683,-0.00947444,0.1475198,0.009800043,0.9889652
T101.424328904599,19.10193,10.92688,24.38855,2.866547,117.9709,9.805206,0.7322388,115.5267,6.610168,4.585541,28.30605,4.62619,---,-0.1812767,-0.05688379,0.1919115,0.9628463,0.08606203,-0.8525326,0.0226627,-0.5150417,-0.05216746,0.8442314,-0.02535648,0.5328311,-0.04862034,0.242552,-0.02932981,0.9684753,---,0.007519959,0.6406122,0.2638839,0.7210581,0.07687999,-0.967021,-0.0448301,0.2386421,-0.0548177,0.9737302,0.01895822,-0.2201932,-0.05511908,0.8563256,0.01364047,0.5133052
T106.732944481075,25.1757,2.997957,21.45972,8.325821,146.8732,11.04181,1.580322,139.7912,6.003082,2.219666,32.31474,0.2322388,---,0.2188058,-0.01547723,0.17604,0.9596325,0.07137515,-0.9535325,0.0966121,-0.2763107,-0.05390135,0.9374421,-0.005064575,0.3439061,-0.01916785,0.278186,0.003443809,0.9603298,---,0.2188058,-0.01547723,0.17604,0.9596325,0.07137515,-0.9535324,0.0966121,-0.2763107,-0.05390135,0.9374421,-0.005064575,0.3439061,-0.01916785,0.278186,0.003443809,0.9603298
T111.980341788381,36.84883,0.4584656,0.5836209,39.4542,40.94031,14.96005,0.9919828,1.606161,26.76141,1.122867,1.701282,33.99603,---,0.3160274,-0.005405348,0.006096385,0.9487151,-0.3563901,0.2852268,-0.002237385,-0.8897341,0.0051773,0.01563807,-0.231507,0.9726938,0.005029784,0.01706094,-0.2924316,0.956121,---,0.8260459,-0.1787179,0.3426883,0.4102108,-0.8906462,0.3321168,-0.152327,-0.2706364,0.6972388,-0.1003528,0.1235868,0.6989376,0.7024168,-0.05517774,0.08019103,0.7050784
T117.930398069322,23.91387,5.139433,27.2056,0.5229797,111.7774,19.56592,4.399963,32.58307,0.6367188,2.224182,32.76276,0.1006811,---,0.2114785,-0.006044895,0.2208273,0.9520901,0.1432032,-0.8154669,0.0915648,-0.5532835,-0.03840321,0.2801091,0.005439192,0.9591843,-0.01837286,0.2819929,0.006316552,0.9592198,---,0.2114785,-0.006044895,0.2208273,0.9520901,0.1432031,-0.8154668,0.09156479,-0.5532833,-0.03840321,0.2801091,0.005439192,0.9591843,-0.01837286,0.2819928,0.006316552,0.9592198
T125.784296635538,31.92354,6.205647,32.63162,0.3670324,0.8402405,0.6542466,0.166883,1.940866,0.2057635,0.1198332,3.198491,0.2414502,---,0.2781543,-0.02719644,0.2554189,0.9255549,-0.003160955,0.007350557,-0.00573265,-0.9999516,0.001486529,0.01693378,0.001770699,0.999854,0.001104136,0.02790619,0.002077042,0.9996078,---,0.2781543,-0.02719644,0.2554189,0.9255549,-0.003160955,0.007350557,-0.005732649,-0.9999515,0.001486529,0.01693378,0.001770699,0.999854,0.001104136,0.02790619,0.002077042,0.9996078
