T2.55272152926773,1.186951,0.5569808,0.6463928,0.04947251,0.05307007,0.06433171,0.0489502,0.03720093,0.2756343,0.02915089,0.09262085,0.240972,---,-0.01038506,0.004801793,-0.005589974,0.9999189,0.0004314689,-0.0004634921,0.0005615999,0.9999996,-0.0004280634,-0.0003237255,0.002405222,0.999997,0.0002526893,-0.0008087579,0.002103081,0.9999974,---,-0.01038506,0.004801793,-0.005589974,0.9999189,0.0004314688,-0.0004634921,0.0005615999,0.9999996,-0.0004280634,-0.0003237255,0.002405222,0.999997,0.0002526893,-0.0008087579,0.002103081,0.9999974
T9.69212571438402,4.508728,3.381669,4.150238,0.1716667,5.222367,0.1961251,0.04122925,4.087761,0.1349123,0.02099609,3.780875,0.4286971,---,-0.0403606,0.02804045,-0.03500614,0.998178,0.001574489,0.0455553,0.001641486,0.9989593,-0.0003174508,0.03566528,0.00118941,0.9993631,-5.972464E-05,0.03298883,0.003745088,0.9994487,---,-0.0403606,0.02804045,-0.03500614,0.998178,0.001574489,0.0455553,0.001641486,0.9989593,-0.0003174508,0.03566528,0.00118941,0.9993631,-5.972464E-05,0.03298883,0.003745088,0.9994487
T15.5733289076015,0.9814148,9.132771,4.922516,1.890129,0.3776245,0.04345703,2.102772,1.041749,0.3822327,1.33197,0.7864481,0.4193115,---,-0.01194815,0.07917112,-0.0421248,0.995899,0.01649489,-0.003288607,-0.0003247415,0.9998585,0.01831794,0.009150473,-0.003501602,0.9997842,-0.01164812,0.00681996,-0.003579026,0.9999025,---,-0.06443106,0.04753382,0.6744202,0.7339936,0.01398905,0.009338255,0.7067771,0.7072363,0.00648238,0.0194231,0.7044782,0.7094302,-0.01305891,-0.003414025,0.7045071,0.7095686
T21.5933850919828,8.056549,5.885986,5.075165,0.336141,2.018909,0.7491506,0.1184805,2.994806,0.1948771,0.1073952,2.792868,0.1273114,---,-0.06781972,-0.05427153,-0.04771015,0.9950773,0.003048035,0.01759776,0.006484805,0.9998195,0.001078023,0.02612983,0.001673023,0.9996566,0.0009639961,0.02436889,0.001087831,0.999702,---,-0.06781972,-0.05427153,-0.04771015,0.9950773,0.003048035,0.01759776,0.006484805,0.9998195,0.001078023,0.02612983,0.001673023,0.9996566,0.0009639961,0.02436889,0.001087831,0.999702
T27.4014439908788,17.56067,5.745941,0.7176819,9.004653,3.021698,1.449005,0.6005554,1.915825,3.573761,0.7388,1.949415,5.799255,---,-0.1521416,-0.05048819,-0.01383258,0.9869714,0.07813364,0.02727502,-0.01467075,0.9964617,-0.005758903,0.01654619,-0.03108945,0.9993631,-0.007298612,0.01666281,-0.05046849,0.99856,---,0.5903139,-0.02591943,-0.04548165,0.8054746,0.7598537,0.02966013,0.008912563,0.649356,0.7025843,0.03368349,-0.01028364,0.7107286,0.7009277,0.047469,-0.02390423,0.7112495
T32.5819081952795,17.86734,1.70277,7.07608,0.4180852,3.876473,0.4167709,0.0620766,4.258273,0.1737385,0.07791439,4.715679,0.1473181,---,-0.1558837,0.005068578,-0.05865268,0.9860195,0.003769372,0.03380844,0.003511501,0.9994151,0.0005976738,0.03715102,0.001494981,0.9993084,0.0007322449,0.04113954,0.001256531,0.9991524,---,-0.1558837,0.005068578,-0.05865268,0.9860195,0.003769372,0.03380844,0.003511501,0.9994151,0.0005976738,0.03715102,0.001494981,0.9993084,0.0007322449,0.04113954,0.001256531,0.9991524
T39.3016757881269,3.020813,8.156555,16.47714,5.112946,9.499537,0.7837692,3.332794,9.899963,3.151733,3.389008,5.044466,2.993103,---,-0.01583281,-0.07412843,-0.144738,0.9865624,-0.043884,0.08302386,0.01050266,0.9955255,-0.03133248,0.08542021,-0.02487809,0.9955415,-0.03068038,0.04320128,-0.02477922,0.9982877,---,-0.1135407,0.6451882,-0.0911497,0.7500216,-0.02360417,0.7626495,0.03845718,0.645236,-0.03974687,0.7643553,0.004563941,0.6435529,-0.03921586,0.7364439,0.004172754,0.6753481
T46.096985696815,18.97537,12.63208,11.94189,0.3106528,4.57638,0.2053978,0.2623901,5.525778,0.2151753,0.1283875,4.926996,0.1462789,---,-0.1742336,-0.09087615,0.08394281,0.9769022,0.002780352,0.03992077,0.00168276,0.9991975,-0.002196697,0.0482069,0.001985949,0.998833,-0.001064604,0.04298427,0.001323506,0.9990743,---,-0.1742336,-0.09087615,0.08394281,0.9769022,0.002780352,0.03992077,0.00168276,0.9991975,-0.002196697,0.0482069,0.001985949,0.998833,-0.001064604,0.04298427,0.001323506,0.9990743
T52.392390168272,3.769318,22.71136,9.025735,11.03763,5.323578,6.088989,3.631647,0.4978772,5.787231,3.53472,0.4688254,5.593109,---,-0.01665962,0.1987195,0.0835564,0.976346,0.09838832,-0.04105742,-0.04834837,0.9931246,0.03142687,0.005936655,-0.05059341,0.9982071,0.03060485,0.005589172,-0.04889205,0.9983194,---,0.550562,-0.1934715,0.4440949,0.6798751,0.7372583,-0.2373509,0.2369542,0.5864876,0.6847249,-0.2246788,0.2494435,0.6468766,0.6838949,-0.2262701,0.250136,0.6469325
T58.0625088391826,16.55316,18.70474,14.21708,0.1478024,4.848807,0.6304321,0.03903198,3.229558,0.3933566,0.05032349,3.108685,0.2623369,---,-0.1608469,-0.142,0.09761952,0.9718204,0.00105592,0.04230761,-0.005551251,0.9990886,-0.0002437454,0.02818048,0.003440912,0.9995969,-0.0003769782,0.027126,0.002300391,0.9996293,---,-0.1608469,-0.142,0.09761952,0.9718204,0.00105592,0.04230761,-0.005551251,0.9990886,-0.0002437454,0.02818048,0.003440912,0.9995969,-0.0003769782,0.027126,0.002300391,0.9996293
T65.2766849203035,19.71356,20.81296,7.871881,5.089242,133.9549,14.62296,4.914917,50.74174,2.064697,0.3137817,1.606032,0.6696014,---,-0.1801887,-0.1659873,0.03566699,0.9688696,-0.09978902,0.9141772,-0.0902517,0.3823307,-0.04644861,0.4273143,0.002104803,0.9029068,-0.002655955,0.01403052,0.00588112,0.9998808,---,-0.1801887,-0.1659873,0.03566699,0.9688696,-0.09978901,0.9141772,-0.09025169,0.3823307,-0.0464486,0.4273143,0.002104803,0.9029067,-0.002655955,0.01403052,0.00588112,0.9998808
T71.6426872415468,22.50717,26.86089,12.22467,46.66924,179.9586,169.409,75.99039,161.2248,155.875,0.2163391,1.114773,1.89444,---,-0.2129913,0.2062929,-0.05650581,0.9533547,0.9142751,0.08488573,-0.03688738,0.3943791,0.781325,0.06428853,-0.001218782,0.6208034,-0.002048416,0.00969552,-0.01651213,0.9998146,---,-0.2964787,-0.004736443,0.6341679,0.7140792,0.5864668,0.7065134,0.2527848,0.3049515,0.5070214,0.5979391,0.4381124,0.4398361,-0.008304216,0.005407318,0.6952998,0.7186515
T77.4557663230225,26.60791,28.10974,3.972592,9.210836,144.6642,12.71591,3.008728,113.5008,4.699951,0.08590698,2.345978,0.674683,---,-0.2312855,-0.2284544,-0.02313006,0.9453998,-0.08095654,0.9466124,-0.1095362,0.2921865,-0.04866086,0.8347085,-0.0005370695,0.5485376,-0.000869911,-0.02046619,0.005871106,0.999773,---,-0.2312855,-0.2284544,-0.02313006,0.9453998,-0.08095653,0.9466123,-0.1095362,0.2921864,-0.04866086,0.8347085,-0.0005370695,0.5485376,-0.000869911,-0.02046619,0.005871106,0.999773
T82.4221084294841,30.41299,8.209381,23.44924,61.88582,13.28464,13.63016,0.5919495,2.275093,49.74838,0.3392708,2.153716,0.2437439,---,-0.2702032,-0.01446715,0.1772068,0.9462445,0.5188962,0.03790142,0.0420379,0.8529614,-0.01303602,0.01583832,-0.4204457,0.9070858,0.002920186,0.01879979,-0.002182355,0.9998167,---,0.4780335,-0.135534,0.1150743,0.8601584,0.9700496,-0.002924927,0.05652563,0.2362198,0.6321887,0.3084994,-0.2861006,0.6506244,0.709042,0.01483662,0.0117503,0.7049122
T87.9507769895718,35.55441,16.61118,2.221689,2.744601,122.3985,17.32425,2.682678,119.4344,5.063965,0.3265076,2.295467,0.8352198,---,-0.3047242,-0.1316725,-0.02582818,0.9429414,-0.1205332,0.867794,-0.09328361,0.472973,-0.04993114,0.8619462,-0.002076171,0.504531,-0.002702676,0.02005054,0.007344183,0.9997684,---,-0.3047242,-0.1316725,-0.02582818,0.9429414,-0.1205332,0.867794,-0.0932836,0.472973,-0.04993114,0.8619461,-0.002076171,0.5045309,-0.002702676,0.02005054,0.007344183,0.9997684
T94.8810247322544,1.864227,9.89267,44.94626,6.279053,123.5998,12.91043,0.3920813,122.8372,7.032013,3.682343,10.67795,3.953827,---,0.01797778,-0.08585941,-0.3820723,0.9199597,-0.1246496,0.8714914,-0.005086898,0.4742779,-0.05221977,0.8765805,-0.03233822,0.4773196,-0.03517872,0.09184093,-0.03134172,0.9946585,---,-0.2574537,0.589798,-0.2828781,0.7112215,-0.09173754,0.9516025,0.08454358,-0.2808724,-0.05979153,0.9573519,0.01405838,-0.2823201,-0.04703705,0.7682711,0.002713173,0.6383884
T101.465205947869,44.22079,9.951996,6.605469,7.543798,138.8788,14.16788,3.418121,110.0837,4.963501,1.450867,20.6221,0.219635,---,-0.3697212,-0.1018291,-0.08576719,0.9195549,-0.09229069,0.9299904,-0.1043411,0.3401664,-0.05254535,0.8176977,-0.0003793455,0.5732446,-0.01279944,0.1789535,0.0003805049,0.9837742,---,-0.3697212,-0.1018291,-0.08576719,0.9195549,-0.09229068,0.9299903,-0.1043411,0.3401664,-0.05254535,0.8176977,-0.0003793455,0.5732446,-0.01279944,0.1789535,0.0003805049,0.9837742
T107.341430361383,42.86542,27.85163,4.91983,41.07011,40.70978,14.7045,2.06118,0.7966697,18.11981,1.851074,0.8521072,25.427,---,-0.3639565,0.2085938,0.04908188,0.90643,0.367856,-0.2809676,0.008655584,0.886377,0.01666683,0.009696525,-0.1575614,0.987321,0.01412024,0.01080749,-0.2201584,0.975302,---,0.2846613,-0.239558,0.315127,0.8730836,0.8930542,-0.3295162,0.1614966,0.2603687,0.6958986,-0.1533906,0.1750798,0.67937,0.7030212,-0.1092082,0.1309707,0.6904212
T113.152722070925,53.58435,0.05041622,23.15164,3.804195,126.1503,17.0806,4.026337,73.05426,2.58136,1.545135,23.05139,0.4233115,---,-0.4416659,-0.09006591,-0.1789284,0.8745308,-0.1174711,0.8834612,-0.09647485,0.4431585,-0.0416203,0.5940493,0.002814552,0.8033463,-0.0124734,0.1998367,0.00631333,0.9797295,---,-0.4416659,-0.09006591,-0.1789284,0.8745308,-0.1174711,0.8834612,-0.09647484,0.4431584,-0.0416203,0.5940493,0.002814552,0.8033463,-0.0124734,0.1998367,0.00631333,0.9797295
T120.363899483345,55.68515,9.796669,38.74646,0.3564496,0.1283089,0.06372439,0.08755386,3.362878,0.04925537,0.08779907,7.225486,0.1079102,---,-0.4640355,-0.08313432,-0.2546254,0.8443493,0.003111225,0.00111797,0.0005526142,0.9999944,0.0007511134,0.02934275,-0.0004519538,0.9995691,-0.0008241195,0.06301172,-0.000891421,0.9980121,---,-0.4640355,-0.08313432,-0.2546254,0.8443493,0.003111224,0.00111797,0.0005526141,0.9999943,0.0007511134,0.02934275,-0.0004519538,0.9995691,-0.0008241195,0.06301172,-0.000891421,0.9980121
