T4.25648371502757,3.806824,0.08950806,3.839569,0.008300781,0.02642053,0.01382446,0.1126099,0.235199,0.04804724,0.126709,0.236084,0.1276278,---,-0.03316995,-0.001893051,-0.03350766,0.9988861,-7.248016E-05,0.0002305539,-0.000120726,1,-0.000983677,-0.002051981,0.000417273,0.9999973,-0.001108011,-0.002059072,0.001111481,0.9999967,---,-0.03316995,-0.001893051,-0.03350766,0.9988861,-7.248018E-05,0.000230554,-0.000120726,1,-0.000983677,-0.002051981,0.000417273,0.9999973,-0.001108011,-0.002059072,0.001111481,0.9999967
T14.7453662417829,12.97934,1.273132,11.65161,0.34375,4.567623,0.3955663,0.6504517,3.932021,0.4663288,0.5341187,3.632951,0.4260966,---,-0.1113129,-0.02245351,-0.1020969,0.988272,-0.002859707,0.03985941,0.003568738,0.9991949,-0.005533337,0.03432887,0.004261748,0.9993862,-0.004540855,0.03171493,0.003864225,0.9994792,---,-0.1113129,-0.02245351,-0.1020969,0.988272,-0.002859707,0.03985941,0.003568738,0.9991949,-0.005533337,0.03432887,0.004261748,0.9993862,-0.004540855,0.03171493,0.003864225,0.9994792
T24.3373550213873,8.578522,18.93458,26.51547,1.432142,0.4572754,2.409149,2.329856,1.257766,3.120087,1.870119,1.243621,3.012115,---,-0.1094228,0.1427338,-0.2136005,0.9602232,0.01257849,-0.003726563,-0.02097067,0.999694,0.02002292,0.01152297,-0.02744025,0.9993565,0.01602735,0.01127612,-0.02645456,0.999458,---,-0.1783016,0.0235544,0.5279419,0.8300187,0.01152942,0.006259259,0.692062,0.721719,0.006010368,0.02230632,0.6872486,0.726055,0.003359628,0.01930647,0.6880173,0.7254297
T31.5442727617919,23.92892,10.03934,27.33319,0.27948,4.516232,0.3512296,0.5975037,5.169464,0.25255,0.6072083,5.20111,0.1808473,---,-0.1804387,-0.131966,-0.2478778,0.9426471,-0.002316142,0.03940853,0.003158755,0.9992156,-0.005109347,0.04510754,0.002436777,0.9989661,-0.005221843,0.04538033,0.001816968,0.9989545,---,-0.1804387,-0.131966,-0.2478778,0.9426471,-0.002316142,0.03940853,0.003158755,0.9992156,-0.005109347,0.04510754,0.002436777,0.9989661,-0.005221843,0.04538033,0.001816968,0.9989545
T39.5234895497561,19.92767,37.99451,13.1391,10.39054,3.116681,3.233948,0.05317328,1.382886,10.37088,0.1983762,1.338339,10.53693,---,-0.1992093,-0.2997901,0.05059199,0.9316019,0.0897166,0.0296265,-0.03055298,0.9950576,-0.0006285781,0.01206021,-0.09037852,0.9958343,0.0006513374,0.01178854,-0.09183629,0.9957042,---,0.5178797,-0.2477576,-0.1762097,0.7996043,0.7670513,0.04255332,-0.0006551184,0.6401729,0.7037167,0.07243511,-0.0553794,0.7046056,0.7045298,0.07327382,-0.05660231,0.7036086
T46.9440349638462,26.46585,8.00325,46.37991,0.02942178,4.504354,1.059847,0.7776489,6.256184,0.09098362,0.7862854,6.809357,0.1039865,---,-0.2366526,-0.02747751,-0.3677067,0.8989062,0.0006200007,0.03929373,0.009231547,0.9991849,-0.006732711,0.05457249,0.00116309,0.9984865,-0.006795671,0.05939269,0.00131333,0.9982107,---,-0.2366526,-0.02747751,-0.3677067,0.8989062,0.0006200008,0.03929373,0.009231548,0.999185,-0.006732711,0.05457249,0.00116309,0.9984865,-0.006795671,0.05939269,0.00131333,0.9982107
T56.3263215757906,36.07882,16.19101,47.8147,6.199707,11.12284,0.4604266,3.523956,9.514366,3.530426,3.541077,9.039459,3.499847,---,0.3345454,0.001833599,-0.3416305,0.8782737,-0.05343254,0.09698643,0.00923385,0.9938076,-0.03318055,0.08191072,-0.0281345,0.9956898,-0.03319155,0.07778745,-0.02799414,0.996024,---,-0.005009934,0.6223298,-0.4781285,0.6197367,-0.03125319,0.7713078,0.04431183,0.6341483,-0.04335628,0.7619786,0.003568099,0.6461393,-0.04326481,0.7592993,0.00367512,0.6492913
T63.3253578916192,36.19611,22.09009,53.1261,0.1867676,5.004567,0.5193991,0.8656311,9.723974,0.05852662,0.8768616,10.01683,0.009357568,---,-0.3541398,0.02653874,-0.3639537,0.8610566,-0.001430406,0.04366608,0.004599427,0.9990346,-0.007483425,0.08475729,0.001149126,0.9963729,-0.00761559,0.08730014,0.0007493757,0.9961527,---,-0.3541398,0.02653874,-0.3639537,0.8610566,-0.001430407,0.04366608,0.004599427,0.9990348,-0.007483425,0.08475729,0.001149126,0.9963729,-0.00761559,0.08730014,0.0007493757,0.9961527
T72.3551844162866,68.8157,9.211013,20.07388,8.729109,4.571625,7.267029,0.9758362,1.425732,9.587402,0.979385,1.457443,9.970306,---,-0.5661807,-0.03293369,-0.09864702,0.8176941,0.07840909,-0.03486964,-0.06011095,0.9944963,0.007445549,0.01310916,-0.08366442,0.99638,0.007408478,0.01341229,-0.08699571,0.9960909,---,0.1999145,-0.3315445,-0.01790022,0.9218417,0.7266109,-0.2314018,0.2282771,0.6052932,0.6748728,-0.2043834,0.2255408,0.6722393,0.6754791,-0.2019408,0.2234743,0.6730581
T78.7226410349831,35.26825,39.33401,75.24637,0.01894442,5.444003,0.8736708,0.5151062,5.336037,0.3871701,0.5848999,5.508503,0.2935705,---,-0.4217424,0.07989388,-0.4670893,0.7730317,0.0005272005,0.04748737,0.007607689,0.9988427,-0.004333034,0.04656332,0.003584239,0.9988996,-0.004975195,0.04806453,0.002804158,0.9988279,---,-0.4217424,0.07989388,-0.4670893,0.7730317,0.0005272005,0.04748738,0.00760769,0.9988428,-0.004333034,0.04656332,0.003584239,0.9988996,-0.004975195,0.04806453,0.002804158,0.9988279
T85.9328075489029,39.65851,45.03847,84.59158,6.620101,141.8753,13.24005,4.726013,44.06479,1.293945,1.225647,7.953798,0.7270747,---,-0.474238,0.05562215,-0.4886889,0.730197,-0.09004907,0.9394696,-0.09179775,0.3175866,-0.04244928,0.3743563,0.005007768,0.9262993,-0.01022973,0.0694166,0.00707102,0.9975103,---,-0.474238,0.05562215,-0.4886889,0.730197,-0.09004907,0.9394697,-0.09179776,0.3175866,-0.04244928,0.3743563,0.005007768,0.9262993,-0.01022973,0.0694166,0.00707102,0.9975103
T93.0028831688687,34.98265,55.11723,56.70605,43.6259,178.5251,170.7056,83.97067,132.0458,128.764,8.832689,1.920888,0.5448194,---,0.02493673,0.5148711,-0.5239276,0.6780751,0.9256606,0.07044668,-0.01819346,0.3712935,0.7299435,0.04853823,0.008097948,0.6817339,0.07707122,0.01634611,0.003448919,0.9968856,---,-0.3464359,0.3817018,0.1089988,0.8499442,0.6047276,0.7043543,0.2496794,0.2754089,0.4818263,0.5504697,0.4877848,0.4763325,0.04293913,0.06605603,0.7073433,0.7024658
T100.775348241441,43.69141,55.421,103.8856,7.420502,147.7015,11.61783,2.214386,131.4099,5.330872,1.044373,9.810181,1.011602,---,-0.5429263,0.006673938,-0.5403647,0.6428006,-0.0791072,0.9554268,-0.08993007,0.2698412,-0.05031904,0.9099132,-0.001537137,0.4117326,-0.008325287,0.08557872,0.009574336,0.9962506,---,-0.5429263,0.006673938,-0.5403647,0.6428006,-0.07910721,0.9554269,-0.08993008,0.2698413,-0.05031903,0.9099131,-0.001537136,0.4117325,-0.008325287,0.08557872,0.009574336,0.9962506
T109.032310194336,41.82684,112.8481,55.8831,64.00201,13.87571,37.86153,2.919128,2.583438,139.2015,2.016674,1.382963,11.58871,---,-0.5390716,-0.5950388,-0.02066323,0.5957379,-0.5308334,0.07376894,-0.2125609,-0.817063,-0.02999835,-0.0160131,-0.9365442,0.3488962,0.01628849,0.01378134,-0.1011466,0.9946427,---,0.04006918,-0.4061449,-0.4353671,0.8024315,-0.9531068,0.2024658,-0.09814076,-0.202395,0.2254948,0.6509138,-0.6735598,0.2679189,0.7148364,0.08126635,-0.0617766,0.691801
T114.914516131394,36.85181,65.86064,122.1431,9.168189,150.4702,11.40359,1.03125,142.6695,6.03952,1.035583,7.855335,0.4818692,---,-0.5797237,0.01728427,-0.6138284,0.5355712,-0.07549542,0.9611413,-0.1021397,0.245103,-0.05278359,0.945899,-0.008344972,0.3200301,-0.008727601,0.06853156,0.004814039,0.9975992,---,-0.5797237,0.01728427,-0.6138284,0.5355712,-0.07549543,0.9611414,-0.1021398,0.245103,-0.05278359,0.945899,-0.008344972,0.3200301,-0.008727601,0.06853156,0.004814039,0.9975992
T125.552902849391,44.05759,63.29507,134.5679,5.999542,120.4218,12.5365,0.3870378,120.9014,6.649719,3.829926,8.333037,3.954285,---,0.5719593,0.1067029,-0.6519338,0.4862711,-0.1204696,0.8586509,-0.009023513,0.4981207,-0.04879044,0.8685591,-0.03153573,0.4921688,-0.03581323,0.07142175,-0.03196411,0.9962905,---,-0.05655051,0.4192959,-0.8654231,0.2683952,-0.09156549,0.9593825,0.07880431,-0.2549334,-0.05679918,0.9621799,0.01220092,-0.2661481,-0.04792581,0.7549866,0.002721741,0.653981
T132.345768844709,27.61554,83.43377,130.7722,7.804722,148.2259,11.36029,1.994263,134.1813,5.703186,1.035492,9.077859,0.7682244,---,-0.661701,0.1071894,-0.5928575,0.4462984,-0.07643518,0.9567055,-0.09216625,0.265288,-0.05258409,0.9195049,-0.003353241,0.3895312,-0.008477128,0.07919181,0.007397749,0.996796,---,-0.661701,0.1071894,-0.5928575,0.4462984,-0.07643518,0.9567055,-0.09216625,0.265288,-0.05258409,0.9195049,-0.003353241,0.3895312,-0.008477128,0.07919181,0.007397749,0.996796
T139.623748034239,43.5741,163.1677,176.107,41.68022,41.07849,16.93417,0.1072592,2.844007,151.7395,3.235792,0.7121561,15.02042,---,-0.9198853,-0.02309126,-0.1233575,0.3715655,-0.3777949,0.2752685,0.005402774,-0.8840075,-0.02383679,0.006965696,-0.9694498,0.2440295,0.02717916,0.0098491,-0.1308222,0.9909843,---,-0.3185784,-0.283962,-0.2440465,0.8708127,-0.9002612,0.3132784,-0.1580839,-0.2576742,0.4042941,0.5653901,-0.5691893,0.4392082,0.6978824,-0.1689059,0.1964836,0.6677014
T146.693197324872,10.85779,84.53509,147.6822,7.978382,150.1653,11.03531,0.997406,151.3561,6.066437,1.306244,12.85957,0.4377195,---,-0.6626086,0.1190978,-0.6898791,0.2661437,-0.07486123,0.9612126,-0.09160434,0.249148,-0.05341845,0.9674131,-0.004667589,0.2474605,-0.01089931,0.1120207,0.005072034,0.9936332,---,-0.6626086,0.1190978,-0.6898791,0.2661437,-0.07486124,0.9612128,-0.09160435,0.2491481,-0.05341845,0.967413,-0.004667589,0.2474605,-0.01089931,0.1120207,0.005072034,0.9936332
T153.555159211159,5.546417,91.09626,154.49,0.7264285,0.799265,0.1801853,0.6296082,4.484288,0.1590881,0.4273071,0.5801763,0.05338094,---,-0.7028891,0.1243718,-0.6746032,0.1881202,0.006350047,0.00696473,0.001528128,0.9999545,-0.005544343,0.03911456,-0.001172199,0.9992187,-0.003726594,0.005064673,0.0004847072,0.9999802,---,-0.7028891,0.1243718,-0.6746032,0.1881202,0.006350048,0.006964731,0.001528128,0.9999546,-0.005544343,0.03911456,-0.001172199,0.9992187,-0.003726594,0.005064673,0.0004847072,0.9999802
