T3.49967484734952,4.972412,2.200406,5.077179,0.03128052,0.0234267,0.04812622,0.1124341,1.272168,0.14328,0.1252083,1.348662,0.1177979,---,-0.04417804,0.01724308,-0.0434104,0.9979311,-0.0002729853,0.0002043219,-0.0004198488,0.9999999,0.0009672299,0.01110274,-0.001261218,0.9999371,0.001080473,0.01177014,-0.001040806,0.9999296,---,-0.04417804,0.01724308,-0.0434104,0.9979311,-0.0002729853,0.0002043219,-0.0004198488,0.9999998,0.0009672299,0.01110274,-0.001261218,0.9999371,0.001080473,0.01177014,-0.001040806,0.9999296
T13.0709168259054,18.78073,11.11823,20.16644,0.7226257,5.012633,0.6746826,0.1056093,5.102317,0.3827178,0.5751429,5.006892,0.7157074,---,-0.1766174,0.0656669,-0.1563584,0.9695598,-0.00655731,0.04369081,-0.00560614,0.9990079,0.001069357,0.04450806,0.003295503,0.9990031,0.005286964,0.04364675,0.00602042,0.9990149,---,-0.1766174,0.0656669,-0.1563584,0.9695598,-0.00655731,0.0436908,-0.00560614,0.9990078,0.001069357,0.04450806,0.003295503,0.9990031,0.005286964,0.04364675,0.00602042,0.9990149
T18.8110523391515,8.077166,26.7902,10.85507,1.235829,0.0612793,0.6399586,3.801605,1.28467,0.2930289,2.44574,1.23866,0.2809393,---,0.0463471,0.2365338,-0.1080277,0.9644863,0.01078128,-0.0005949182,0.005590105,0.9999261,-0.03313836,0.01128924,0.002927436,0.9993828,-0.02131361,0.01085896,0.002681636,0.9997103,---,-0.1344823,0.200027,0.6056077,0.7583819,0.008044184,0.007202843,0.7110074,0.7031018,-0.03141506,-0.01544967,0.7087404,0.7046003,-0.02274944,-0.007392552,0.7087981,0.7050057
T23.9202249515802,31.15442,8.153502,26.05585,0.4172974,4.395362,0.5060261,0.4912109,2.464417,0.04059653,0.4664917,3.055259,0.2045323,---,-0.2764001,0.006336775,-0.197997,0.9404042,-0.003469578,0.03836281,0.004552265,0.9992475,-0.00427799,0.02150576,0.0004463673,0.9997595,-0.004021879,0.026666,0.001892757,0.9996346,---,-0.2764001,0.006336775,-0.197997,0.9404042,-0.003469578,0.03836281,0.004552265,0.9992475,-0.00427799,0.02150576,0.0004463673,0.9997595,-0.004021879,0.026666,0.001892757,0.9996346
T30.0803314317018,50.48901,20.85791,26.55869,8.089642,3.834569,1.510284,1.951996,2.059143,19.36035,1.966766,2.442816,30.5773,---,-0.3706133,-0.2556947,-0.2794656,0.848036,0.07005136,0.03429956,-0.01549888,0.9968331,-0.01980936,0.01484632,-0.1677951,0.9855111,-0.02217118,0.01603416,-0.2632303,0.964345,---,0.3375888,0.01680851,-0.3784155,0.8617152,0.7544011,0.03521281,0.01329409,0.6553336,0.6828542,0.129147,-0.1081511,0.7108689,0.6662175,0.1974698,-0.174794,0.6975723
T34.8404743503779,27.99576,56.62165,55.96222,0.1265505,4.67768,0.7601339,0.8535156,11.47783,0.09594727,1.047943,15.75127,0.2020874,---,-0.4039631,0.3064649,-0.2994893,0.8082075,0.001374119,0.04080088,0.006582774,0.9991447,-0.007494735,0.09998655,-8.839624E-05,0.9949606,-0.009300375,0.1370014,-0.0004936758,0.9905271,---,-0.4039631,0.3064649,-0.2994893,0.8082075,0.001374118,0.04080088,0.006582773,0.9991446,-0.007494735,0.09998655,-8.839624E-05,0.9949606,-0.009300375,0.1370014,-0.0004936758,0.9905271
T41.2114406581968,51.53589,19.02653,66.25397,6.091766,9.396595,0.3572568,3.048859,9.977923,3.456818,3.221191,12.05446,3.676483,---,0.2777194,0.3589584,-0.545557,0.7045484,-0.05270173,0.08195788,0.007455035,0.9952135,-0.02911229,0.08609413,-0.02772436,0.9954756,-0.03130369,0.104009,-0.02893814,0.9936623,---,-0.1893898,0.7520128,-0.5821443,0.2443691,-0.03199425,0.7616752,0.04253726,0.6457692,-0.04018958,0.7647853,0.0009814128,0.6430298,-0.0425974,0.7761708,0.001672699,0.6290799
T46.9487380627543,28.6864,83.62554,75.18347,0.1854248,4.198374,0.6398203,0.5686035,7.043165,0.03649902,0.7235718,8.15392,0.1126404,---,-0.5403337,0.3991743,-0.3096305,0.6729252,-0.001412457,0.03663794,0.005638971,0.9993117,-0.004972057,0.06142218,-1.317734E-05,0.9980995,-0.006368251,0.07108871,-0.0005315727,0.9974496,---,-0.5403337,0.3991743,-0.3096305,0.6729252,-0.001412457,0.03663794,0.005638971,0.9993117,-0.004972057,0.06142218,-1.317734E-05,0.9980995,-0.006368251,0.07108871,-0.0005315727,0.9974496
T53.181483535096,35.66345,74.30714,92.93887,8.756909,4.17453,4.362427,0.809359,1.039063,4.917969,0.7543389,0.885418,4.86319,---,-0.584933,0.2190357,-0.4227065,0.6566551,0.07762033,-0.03338527,-0.03514533,0.9958039,0.006667116,0.009361855,-0.04296548,0.9990105,0.006248869,0.007998805,-0.04247516,0.999046,---,0.1019676,0.08326689,-0.1136465,0.9847608,0.7197924,-0.2473089,0.2456968,0.6003086,0.6660836,-0.2343417,0.2501818,0.6624392,0.6660697,-0.2356753,0.2495081,0.6622341
T58.1491390299052,27.55157,100.1748,87.34103,0.03719956,4.015726,0.7440624,0.3754578,4.48322,0.1860349,0.5242615,6.657475,0.1454897,---,-0.6249152,0.4333479,-0.2981878,0.5768663,0.0005519185,0.0350338,0.006477763,0.999365,-0.003210582,0.03911855,0.001750368,0.9992279,-0.004493571,0.0580699,0.001533128,0.9983013,---,-0.6249152,0.4333479,-0.2981878,0.5768663,0.0005519185,0.0350338,0.006477764,0.9993651,-0.003210582,0.03911855,0.001750368,0.9992279,-0.00449357,0.05806989,0.001533128,0.9983012
T65.4295455869287,25.08212,111.6795,104.5909,2.507954,124.6054,17.31781,1.76005,158.5866,4.249207,1.522614,9.627661,0.4622661,---,-0.7136222,0.3975338,-0.323764,0.4773752,-0.1232132,0.8766455,-0.08911562,0.4564753,-0.03927459,0.981694,-0.008194339,-0.1861912,-0.01290152,0.0839637,0.005134451,0.996372,---,-0.7136222,0.3975338,-0.323764,0.4773752,-0.1232132,0.8766454,-0.08911561,0.4564752,-0.03927459,0.981694,-0.008194339,-0.1861912,-0.01290152,0.0839637,0.005134451,0.996372
T70.4019768517464,48.88906,120.1092,13.04415,53.34111,173.8946,171.8156,46.5271,174.671,171.0896,1.231171,1.783007,0.358638,---,0.2948278,0.7602622,-0.3046312,0.4922174,0.8883534,0.08752105,-0.07945286,0.4436841,0.9163579,0.05298166,0.0119316,0.3966596,-0.01069371,0.01559169,0.003296305,0.9998159,---,-0.3291118,0.7460613,0.1326435,0.5634571,0.566274,0.6900474,0.2575504,0.3699137,0.6104992,0.6854266,0.2889176,0.2720438,-0.01858659,0.003463395,0.7093074,0.7046458
T74.4642784465104,32.01758,119.3074,114.9866,8.099768,142.7474,13.08035,1.662598,138.2115,5.438629,0.5035706,1.000702,0.7605619,---,-0.7744359,0.3282794,-0.281647,0.461689,-0.08525405,0.9416735,-0.1027783,0.3089005,-0.04948712,0.9328445,-0.003379467,0.3568486,-0.004452206,-0.008703138,0.006598414,0.9999304,---,-0.7744359,0.3282794,-0.281647,0.461689,-0.08525404,0.9416733,-0.1027783,0.3089004,-0.04948712,0.9328445,-0.003379467,0.3568486,-0.004452206,-0.008703138,0.006598414,0.9999304
T80.7659210134298,49.16821,156.9919,135.0439,61.39868,16.11136,29.14329,1.062195,1.662899,60.8541,0.3273683,1.428198,17.58936,---,-0.7916613,-0.4173557,-0.3234451,0.3073595,0.5195511,-0.01055712,0.144955,0.8419877,-0.0153404,0.007818156,-0.5062499,0.862215,0.0009174948,0.01275323,-0.1529168,0.9881564,---,-0.3424531,-0.06640483,-0.5238252,0.7771251,0.9627532,-0.1099636,0.09503362,0.2279971,0.5988308,0.363501,-0.3524445,0.6205254,0.6993808,0.1171464,-0.09911063,0.6980833
T84.888798603788,4.000275,120.637,133.4501,11.88622,164.8567,4.558412,4.377319,81.37774,3.542145,2.025726,23.62306,0.6018234,---,-0.8044314,0.3272126,-0.4426211,0.2234023,-0.02557812,-0.9857155,0.107769,0.1268726,-0.04907864,0.6502693,0.001468276,0.7581154,-0.01622752,0.2047491,0.008758159,0.9786408,---,-0.8044314,0.3272126,-0.4426211,0.2234023,-0.02557812,-0.9857155,0.107769,0.1268726,-0.04907864,0.6502693,0.001468276,0.7581154,-0.01622752,0.2047491,0.008758159,0.9786408
T92.8686045687646,68.95662,57.79779,166.534,7.47876,119.8844,14.6203,0.5621415,109.8829,7.079071,2.544128,33.43885,5.369965,---,0.4537334,0.4454761,-0.6846368,0.3562997,0.1422951,-0.8525015,0.007606795,-0.5029269,-0.04772303,0.8171681,-0.03947024,0.5730628,-0.03471117,0.2863027,-0.03847364,0.956737,---,-0.1632734,0.5669411,-0.8049493,-0.06305725,0.1059966,-0.9584326,-0.09523899,0.2471866,-0.06165495,0.9830417,0.0058356,-0.1726085,-0.05174947,0.8789617,-0.002660462,0.4740687
T98.9626996610314,3.157533,110.4386,113.0871,8.532028,146.9902,12.04816,1.626953,141.3731,5.722565,3.003418,43.56561,0.3723755,---,-0.676325,0.4657483,-0.4882129,0.2954846,0.07932688,-0.953077,0.1006607,-0.2742609,-0.05179387,0.9422175,-0.003126403,0.3309588,-0.02554088,0.3708806,0.006708592,0.928305,---,-0.676325,0.4657483,-0.4882129,0.2954846,0.07932689,-0.9530771,0.1006607,-0.2742609,-0.05179387,0.9422175,-0.003126403,0.3309588,-0.02554088,0.3708806,0.006708592,0.928305
T104.350399980322,12.86423,116.9041,159.9921,42.30914,39.08408,16.13364,1.957942,0.9652486,28.83237,1.609643,1.093104,46.84427,---,-0.8441448,0.08938712,-0.495429,0.1843353,-0.3805079,0.2611448,0.003811553,-0.8871318,0.0144501,0.01241037,-0.2490576,0.9683014,0.009096935,0.01433531,-0.397568,0.9174156,---,-0.3211672,0.1037448,-0.4438028,0.8301372,-0.8998221,0.3052024,-0.1699298,-0.2613341,0.7060496,-0.08729814,0.1113334,0.6938861,0.7089756,0.02329954,0.0003536766,0.7048481
T109.114790467545,20.45785,119.6783,119.7268,0.1105957,115.1941,18.75793,4.658447,49.28793,1.837372,2.917023,48.52507,0.2928162,---,-0.6910691,0.5043557,-0.5046969,0.1154554,0.1381005,-0.8329292,0.08652339,-0.5288393,-0.04361507,0.415988,0.002383376,0.9083205,-0.02425435,0.4107246,0.008130199,0.9114006,---,-0.6910691,0.5043557,-0.5046969,0.1154554,0.1381005,-0.8329292,0.08652339,-0.5288393,-0.04361507,0.415988,0.002383376,0.9083205,-0.02425435,0.4107246,0.008130199,0.9114006
T117.368894306943,32.46278,128.8568,130.3433,0.3524061,0.3961792,0.4195538,0.1902466,2.694361,0.1025696,0.5537109,10.48445,0.3933716,---,-0.7353775,0.4731714,-0.4820006,-0.05481113,-0.003062621,0.003468486,-0.003671882,-0.9999826,-0.001680705,0.02350904,-0.0008558018,0.9997219,-0.005125547,0.09134839,-0.002976932,0.9958014,---,-0.7353775,0.4731714,-0.4820006,-0.05481113,-0.003062621,0.003468486,-0.003671882,-0.9999826,-0.001680705,0.02350904,-0.0008558018,0.9997219,-0.005125547,0.09134839,-0.002976932,0.9958014
