T3.55821735132486,0.8252869,1.272464,0.3617859,0.01083374,0.01916504,0.01739502,0.1889648,0.05102539,0.04142456,0.1534424,0.05209351,0.013084,---,-0.007236614,0.01108103,-0.003076949,0.9999077,-9.464554E-05,-0.0001673633,-0.0001517337,1,-0.001649147,-0.0004447043,0.0003607626,0.9999985,-0.001339065,-0.0004544757,0.0001135706,0.999999,---,-0.007236614,0.01108103,-0.003076949,0.9999077,-9.464554E-05,-0.0001673633,-0.0001517337,1,-0.001649147,-0.0004447043,0.0003607626,0.9999985,-0.001339065,-0.0004544757,0.0001135706,0.999999
T22.3879121253267,4.351807,5.715252,1.035614,0.289032,4.029082,0.1409912,0.2762451,2.236589,0.2949697,0.1759033,1.968145,0.282155,---,-0.0383691,0.04947363,-0.007126761,0.9980127,-0.002563924,0.03514989,-0.001140978,0.9993781,-0.002359918,0.01952276,0.002620643,0.9998032,-0.001492654,0.01717817,0.002488265,0.9998482,---,-0.0383691,0.04947363,-0.007126761,0.9980127,-0.002563924,0.03514989,-0.001140978,0.9993781,-0.002359918,0.01952276,0.002620643,0.9998032,-0.001492654,0.01717817,0.002488265,0.9998482
T30.929123503156,9.63268,3.78718,13.79564,1.247397,0.1511475,1.201788,3.865941,1.248999,0.8323139,3.809693,1.250446,0.8366261,---,0.08726324,0.02261011,0.1168553,0.9890494,0.0108986,0.001204701,0.0104724,0.9998851,0.03380652,0.01064789,0.006891052,0.9993479,0.03331648,0.010663,0.006933704,0.9993639,---,0.04571667,0.07769219,0.7819927,0.6167344,0.006854621,0.008558325,0.7144306,0.6996204,0.01637562,0.03143401,0.7115184,0.701773,0.01601843,0.03109819,0.7115599,0.7017542
T38.4898775303736,8.421326,11.39968,6.361229,0.351593,3.922077,0.5939174,0.4517212,5.427418,0.01654053,0.5004272,5.834661,0.115364,---,-0.06745251,0.10295,0.06234134,0.9904368,-0.002889072,0.03423518,0.005284819,0.9993957,-0.003944484,0.04734451,4.24348E-05,0.9988708,-0.004310175,0.0508989,0.001227688,0.9986938,---,-0.06745251,0.10295,0.06234134,0.9904368,-0.002889072,0.03423518,0.005284819,0.9993957,-0.003944484,0.04734451,4.24348E-05,0.9988708,-0.004310175,0.0508989,0.001227688,0.9986938
T69.0795548604801,20.59802,23.394,31.73834,4.277505,3.719006,0.4869995,7.380585,1.432296,1.442993,5.735901,2.032831,3.616302,---,-0.2229435,0.1439954,-0.2285842,0.9366487,0.0371618,0.03258438,-0.005455653,0.998763,-0.06451022,0.01166149,-0.01176074,0.9977796,-0.05056062,0.01612935,-0.03062128,0.9981211,---,0.5046659,0.2634536,-0.05981337,0.8199555,0.7325095,0.02689837,0.01918291,0.6799548,0.6599211,0.01656202,-7.017516E-05,0.7511523,0.6700265,0.03305769,-0.01024735,0.74153
T77.5452232779935,26.23053,20.27787,8.64863,0.2592435,2.769113,0.3043047,0.06808472,2.981591,0.06362915,0.005525948,2.525789,0.07113647,---,-0.2098042,0.1877982,0.112119,0.9529656,0.002325821,0.02415656,0.00260011,0.9997021,-0.0006084846,0.02601601,-0.0005396081,0.9996612,3.452885E-05,0.02203991,-0.0006217147,0.9997569,---,-0.2098042,0.1877982,0.112119,0.9529656,0.002325821,0.02415656,0.002600111,0.9997022,-0.0006084846,0.02601601,-0.0005396081,0.9996612,3.452885E-05,0.02203991,-0.0006217147,0.9997569
T86.7900371747091,10.58191,25.56221,38.34787,3.906982,9.889908,0.4815651,2.234131,8.689488,3.356873,2.166168,7.060229,3.390594,---,-0.1572893,0.1785284,-0.2996661,0.9238983,-0.03359897,0.08629049,0.007122689,0.9956778,-0.0216493,0.07514118,-0.02772411,0.9965523,-0.02067931,0.06097705,-0.02835949,0.9975219,---,-0.3231162,0.7795333,-0.1006756,0.5270561,-0.01872156,0.7650672,0.02879457,0.643034,-0.03491228,0.7578017,-0.004295538,0.651536,-0.03467567,0.7484717,-0.005430709,0.6622372
T96.3106525661424,38.28989,24.38076,7.514304,0.1571655,2.53827,0.3230883,0.3693542,3.417734,0.08276695,0.4254761,4.190584,0.07239552,---,-0.3068034,0.2200589,0.1296108,0.916868,-0.001308688,0.02215253,0.002849155,0.9997497,-0.003200289,0.02982309,0.0008180735,0.9995497,-0.003687405,0.03656368,0.0007670959,0.9993243,---,-0.3068033,0.2200589,0.1296108,0.9168679,-0.001308688,0.02215253,0.002849155,0.9997498,-0.003200289,0.02982309,0.0008180735,0.9995497,-0.003687405,0.03656368,0.0007670959,0.9993243
T106.738056202419,7.860382,46.72392,37.60248,8.232095,4.335266,4.870056,0.543115,1.211288,4.853088,0.7130157,1.232077,6.842865,---,-0.1870628,0.3542184,-0.2694399,0.8757505,0.07326351,-0.03464428,-0.03963425,0.9959224,0.004287516,0.01076134,-0.04238567,0.9990342,0.0055691,0.01110364,-0.05974193,0.9981366,---,0.426966,0.1198292,0.2417418,0.863077,0.718579,-0.2464099,0.2407949,0.6041062,0.664009,-0.2344566,0.2508373,0.6642311,0.6688638,-0.2223047,0.2398263,0.6675966
T115.835207485594,51.00589,33.6711,8.896393,0.1699829,3.057838,0.2960697,0.316864,3.821116,0.06944782,0.3433228,4.106727,0.1057648,---,-0.4311364,0.2286564,0.05732443,0.8709487,-0.001413933,0.02668522,0.002622349,0.9996395,-0.00274348,0.03334089,0.000697898,0.9994401,-0.002961002,0.03583287,0.001029722,0.9993529,---,-0.4311364,0.2286564,0.05732443,0.8709487,-0.001413933,0.02668522,0.002622349,0.9996395,-0.00274348,0.03334089,0.000697898,0.9994401,-0.002961002,0.03583287,0.001029722,0.9993529
T127.175501198508,55.85922,48.69825,24.62396,5.71105,131.8764,15.23114,4.426514,68.40469,3.249359,0.9674377,9.083036,0.324443,---,-0.4945852,0.2649027,0.01703239,0.8276002,-0.1007273,0.9066204,-0.09905411,0.397595,-0.04785263,0.5605665,-0.001731814,0.8267239,-0.008191746,0.07920217,0.003490789,0.9968188,---,-0.4945852,0.2649027,0.01703239,0.8276002,-0.1007273,0.9066204,-0.09905411,0.397595,-0.04785262,0.5605665,-0.001731814,0.8267238,-0.008191746,0.07920217,0.003490789,0.9968188
T136.769179132767,19.52564,69.9684,21.1071,46.97271,177.7966,169.0459,70.08759,166.7596,162.617,8.127067,2.238911,0.4833374,---,0.2400713,0.5300434,0.0523087,0.8115933,0.9135304,0.07989606,-0.02047804,0.3983209,0.8139187,0.0574564,0.007111733,0.578087,0.07076623,0.01978649,-0.005590864,0.997281,---,-0.2050412,0.5445533,0.610871,0.5368953,0.5894685,0.7024586,0.2671753,0.2961356,0.5348996,0.6161552,0.413798,0.4037405,0.03604813,0.06403045,0.7012308,0.7091375
T143.978482534178,67.4639,42.97155,22.06592,8.883235,143.9172,11.88025,2.709045,119.9304,4.796356,0.9856567,5.546373,0.6086336,---,-0.5654623,0.2000903,0.05153851,0.7984737,-0.07424971,0.9453694,-0.105195,0.2994958,-0.04803653,0.8642266,-0.0004915765,0.500804,-0.008334314,0.0484255,0.005721042,0.9987757,---,-0.5654623,0.2000903,0.05153851,0.7984737,-0.07424971,0.9453693,-0.105195,0.2994958,-0.04803653,0.8642266,-0.0004915765,0.500804,-0.008334314,0.0484255,0.005721042,0.9987757
T154.824584328569,61.96112,68.64785,85.68616,64.32534,21.65044,157.3097,3.311981,4.73052,43.3718,3.85144,2.371966,8.756836,---,-0.6404282,0.06538787,-0.2686494,0.7165219,-0.05303015,0.5439121,-0.8348961,0.06554278,-0.04207385,0.0276635,-0.3679407,0.9284849,-0.03507794,0.01806088,-0.07559038,0.9963581,---,0.05380637,0.2362,-0.1437276,0.9595087,0.008847762,0.9749647,-0.2057568,0.08384372,0.6267872,0.2797344,-0.2406123,0.6862887,0.6797277,0.06622145,-0.0406795,0.7293354
T162.387493846007,69.68381,94.38114,71.76437,9.138274,142.4669,12.67422,4.12561,73.34966,3.070831,1.413849,15.70639,0.5508718,---,-0.6674692,0.2602814,0.01268432,0.6975512,-0.07870619,0.9408897,-0.1103633,0.3104059,-0.04485244,0.595898,1.457849E-05,0.8018067,-0.01156527,0.1366822,0.006447574,0.9905264,---,-0.6674692,0.2602814,0.01268432,0.6975512,-0.07870619,0.9408897,-0.1103633,0.3104059,-0.04485244,0.5958979,1.457848E-05,0.8018066,-0.01156527,0.1366822,0.006447574,0.9905264
T173.864851248451,21.24023,20.53101,95.90097,5.084625,122.8074,11.33417,0.2388887,114.9637,6.624939,3.258911,16.61693,4.559235,---,-0.00860508,0.2519772,-0.7401613,0.6233736,-0.1077439,0.8707663,-0.008461986,0.4796726,-0.04760341,0.8418752,-0.03281611,0.5365661,-0.03386037,0.1432105,-0.03523713,0.988485,---,-0.5294578,0.6189665,-0.5172884,0.262617,-0.08216998,0.9549046,0.07020292,-0.276545,-0.05686518,0.9747052,0.0104562,-0.2158861,-0.04885931,0.8002295,-0.0009735158,0.5976993
T183.596649539657,64.14178,139.2813,116.4201,9.603868,145.041,12.14893,2.651917,120.1339,4.724304,1.43689,17.09763,0.3958984,---,-0.77259,0.2615085,0.01165691,0.5784308,-0.07557764,0.9478007,-0.111071,0.28918,-0.04724525,0.8651649,-0.000524142,0.4992568,-0.01188593,0.1486822,0.005280118,0.9887995,---,-0.77259,0.2615085,0.01165691,0.5784307,-0.07557765,0.9478008,-0.111071,0.28918,-0.04724524,0.8651648,-0.0005241419,0.4992568,-0.01188593,0.1486822,0.005280118,0.9887995
T192.62987413723,16.45078,113.2107,82.74762,1.314056,0.003227493,2.740265,3.885559,2.99778,17.87408,3.924316,3.059717,17.77856,---,-0.6052569,0.5680267,-0.2704222,0.4877312,-0.01146312,-0.0003023454,-0.02390983,0.9996484,-0.03753964,0.02056041,-0.1543306,0.9870918,-0.03793931,0.02107275,-0.1534768,0.9871988,---,-0.1573085,0.2519826,0.1626173,0.9409115,0.6521149,-0.2581825,0.2515837,0.6669286,0.6565228,-0.1630102,0.1695574,0.7166979,0.6559619,-0.1633704,0.1703707,0.7169365
T199.905891456641,53.5181,143.0077,125.3182,3.037294,121.3965,17.97751,4.198944,55.4651,2.21994,1.449463,17.75814,0.2393866,---,-0.8177916,0.262036,-0.05551693,0.5093839,-0.1233912,0.8630688,-0.09926624,0.4796176,-0.04142852,0.4643172,-9.009622E-05,0.8846995,-0.01217463,0.1543629,0.00401615,0.9879311,---,-0.8177916,0.262036,-0.05551693,0.5093839,-0.1233913,0.8630689,-0.09926625,0.4796177,-0.04142851,0.4643172,-9.009621E-05,0.8846995,-0.01217463,0.1543629,0.00401615,0.9879311
T217.754572835751,40.71902,156.7699,153.4514,0.06080638,0.2315674,0.09785217,0.2951355,3.248315,0.1443787,0.292511,4.011527,0.1533813,---,-0.9098775,0.1426856,-0.1054653,0.3750213,0.0005289088,-0.002021303,0.0008549917,0.9999974,-0.002610114,0.02833974,-0.001186401,0.9995943,-0.002597869,0.03499646,-0.001248328,0.9993833,---,-0.9098775,0.1426856,-0.1054653,0.3750213,0.0005289088,-0.002021303,0.0008549917,0.9999974,-0.002610114,0.02833974,-0.001186401,0.9995943,-0.002597869,0.03499646,-0.001248328,0.9993833
